1.441145826577766020e-01
1.215319323017301084e-01
1.118707900140849254e-01
1.036926421080218708e-01
9.458094595895003009e-02
8.863176459524554907e-02
8.387631056796243656e-02
7.867730467588561483e-02
7.495415753212847365e-02
7.057811657946840012e-02
6.697337637207256833e-02
6.415274029851913973e-02
6.147760397650030295e-02
5.998978905924952365e-02
5.870768121139274820e-02
5.720269757295968344e-02
5.588263691192184995e-02
5.465642473354986874e-02
5.339970435880778132e-02
5.256407195082101608e-02
5.146052210949880745e-02
5.075003900617365560e-02
4.973673528524517190e-02
4.848587893100256285e-02
4.742862959139308721e-02
4.583525418002978857e-02
4.436022828285987596e-02
4.347096501307043392e-02
4.232745263234594796e-02
4.128924705798593664e-02
4.059692315000087287e-02
3.950443857369240197e-02
3.843144803929457454e-02
3.769050039066346863e-02
3.692886675529997303e-02
3.619135752421762803e-02
3.555270775693841756e-02
3.497218372728620739e-02
3.447049912297792118e-02
3.396433052237436689e-02
3.332891459335635131e-02
3.279689233792620895e-02
3.229612656227631717e-02
3.180054729226688970e-02
3.135284413083022637e-02
3.099519635533727266e-02
3.071915148583694369e-02
3.057814264241687924e-02
3.032219051765031731e-02
3.002066801347857972e-02
3.001059386372997156e-02
2.983676886063508366e-02
2.960116130468350149e-02
2.937499141639846392e-02
2.913851186027287266e-02
2.893667852306336039e-02
2.871915877205449830e-02
2.852689699822816977e-02
2.832092851739867467e-02
2.818707442204498870e-02
2.783000160341887741e-02
2.764676035238189389e-02
2.743904575185789757e-02
2.726939908987596056e-02
2.710701434632817319e-02
2.699256264544401887e-02
2.686760385142333840e-02
2.680664758820897053e-02
2.669162445337140005e-02
2.659034813748175838e-02
2.648818682629293375e-02
2.625303567049394951e-02
2.619651886649887462e-02
2.586918613491904009e-02
2.572678342145796188e-02
2.552617490622389324e-02
2.524448260746448014e-02
2.506049741767105848e-02
2.455701549311137266e-02
2.428913795560354999e-02
2.390624097127117334e-02
2.344296887465748686e-02
2.301055883193944829e-02
2.286749541190361001e-02
2.242924294976139654e-02
2.217979359534961309e-02
2.190966661521319761e-02
2.150343974063721048e-02
2.138157186601195858e-02
2.107240006413783895e-02
2.086316880696038531e-02
2.064781082257998931e-02
2.044976090566236193e-02
2.007323635371148496e-02
1.988751546186848240e-02
1.955648494225552259e-02
1.942352863848911121e-02
1.918749933712551176e-02
1.903709376792218910e-02
1.885323293898120631e-02
1.859142587395865021e-02
1.827311877692110870e-02
1.803159425410382280e-02
1.776468668424840969e-02
1.754119360740505340e-02
1.733263745201951006e-02
1.709780312130138036e-02
1.695972958486303278e-02
1.682249192797482390e-02
1.667106250513858412e-02
1.657323930102702625e-02
1.647835150140711247e-02
1.632548931880010296e-02
1.618984217530374317e-02
1.609212463043720870e-02
1.590091761995966052e-02
1.576909359998771021e-02
1.567021060838014526e-02
1.553440086223550030e-02
1.544922578578106741e-02
1.535245123531577341e-02
1.534268596752315882e-02
1.528214380917975769e-02
1.520521699513467141e-02
1.514029627848039600e-02
1.506933954673225426e-02
1.499363707280836414e-02
1.492204335430645165e-02
1.485551700167582999e-02
1.478472624883337902e-02
1.473819733029707243e-02
1.464866394272539701e-02
1.459772959326746666e-02
1.450203759236029163e-02
1.443557241973184024e-02
1.433391172906818556e-02
1.425850918138936094e-02
1.419657069975206395e-02
1.412209155237266825e-02
1.403270696211431946e-02
1.393050246805347531e-02
1.382094193239951328e-02
1.378142829271916149e-02
1.361327388066234031e-02
1.355017059016444710e-02
1.346007096124621390e-02
1.336384392758492579e-02
1.327855258180811633e-02
1.319522128296364560e-02
1.314641141803287068e-02
1.307026625550005393e-02
1.296734897727969821e-02
1.289930629098263830e-02
1.270520799018242698e-02
1.262132528546729138e-02
1.248912579523764853e-02
1.245223686472846786e-02
1.239003377249126361e-02
1.227499386520002414e-02
1.214993716427863017e-02
1.204092259890224628e-02
1.188947730745195004e-02
1.173163948118343541e-02
1.156458949786525608e-02
1.137934001176005641e-02
1.104864104177461295e-02
1.080812607444681106e-02
1.058349934783283687e-02
1.032264174474318424e-02
1.003253959201671867e-02
9.747080866951848832e-03
9.604169110914032373e-03
9.257960077447686259e-03
8.971195493829433459e-03
8.722196755714733615e-03
8.405231364170453329e-03
7.880660012023909047e-03
7.554816406425444303e-03
7.211222534839188333e-03
6.724748654293129235e-03
6.146144818144800258e-03
5.971326988990633203e-03
5.564858488241617926e-03
5.298679642132759007e-03
4.830485150560618474e-03
4.547632600809685226e-03
5.075876748369784544e-03
4.322534946500878814e-03
3.952588276370860160e-03
3.737562723676463201e-03
3.581626515945813931e-03
3.470525284019718680e-03
3.260194665043687767e-03
3.198900152026346554e-03
3.125782776665044470e-03
3.013426940821337541e-03
3.016811351002728937e-03
2.942366399857179564e-03
2.831987464144182509e-03
2.772794965180111482e-03
2.724951958662869770e-03
2.661394289294924907e-03
2.636928026344057333e-03
2.509157884791128092e-03
2.476371698913564824e-03
2.430281506351495736e-03
2.385704032025890396e-03
2.372447967531768863e-03
2.338465881312585485e-03
2.282923734775431975e-03
2.226608009752668003e-03
2.183191119408189190e-03
2.428987446663712167e-03
2.142841639334871432e-03
2.064196211226543547e-03
2.016881020135565840e-03
1.977688504132387760e-03
1.940025786431471546e-03
1.919674667718080600e-03
1.890717544812111532e-03
1.879403964731134798e-03
1.860020707906964374e-03
1.833701023613401029e-03
1.818844735290842986e-03
1.807425545803014854e-03
1.801041171326180860e-03
1.788173973562973617e-03
1.780277910561497545e-03
1.763996756669947933e-03
1.757224492729159929e-03
1.745513220324298271e-03
1.745119928331581149e-03
1.738379950194127773e-03
1.730247399440531728e-03
1.712321269311251623e-03
1.694914400024562576e-03
1.684300220918422131e-03
1.665996391233654297e-03
1.652662577170734004e-03
1.637094928693983223e-03
1.602846565568346498e-03
1.578388014930127677e-03
1.560448255486362838e-03
1.556953928200127246e-03
1.536128930936814284e-03
1.503059365320141057e-03
1.481561122484149721e-03
1.455039713059136895e-03
1.421037327530588149e-03
1.370876083120160967e-03
1.337616273885065474e-03
1.301210708481861846e-03
1.281480345676217240e-03
1.247454936335923347e-03
1.204001801206585568e-03
1.173898718208335728e-03
1.145719136920031207e-03
1.120168450541112175e-03
1.103346785198946502e-03
1.082013257504676161e-03
1.066047654611225340e-03
1.052740906535967746e-03
1.034136679366563609e-03
1.007323346235991122e-03
9.818368638937445547e-04
9.558928052222986308e-04
9.284819055768046142e-04
9.115166145181889581e-04
8.932914568277898395e-04
8.707425504782512855e-04
8.601136411201667446e-04
8.505211131137644731e-04
8.481699389259345773e-04
8.430825648071251042e-04
8.387758759988485921e-04
8.333594992977202357e-04
8.277997974207604390e-04
8.211200795158702867e-04
8.138759612041496228e-04
8.089417768245488931e-04
8.051940218549403453e-04
7.990482220003641747e-04
7.920632576952760023e-04
7.816099471640843097e-04
7.824741287593859826e-04
7.757377261363384256e-04
7.711204315366753477e-04
7.687646001342672737e-04
7.658842139126048479e-04
7.601457723983525740e-04
7.560589827387327209e-04
7.536399426146390794e-04
7.483731847513033254e-04
7.444690249660457140e-04
7.407210173011804111e-04
7.379176391863872392e-04
7.349109901826937283e-04
7.327509428550230087e-04
7.296586768716824007e-04
7.263865182298653595e-04
7.241407692177217071e-04
7.198681993629682183e-04
7.185848656665891690e-04
7.155235534412451165e-04
7.146629826399055569e-04
7.128281557790415619e-04
7.109215649768578244e-04
7.090392216670265979e-04
7.080351431988129215e-04
7.064208153042652108e-04
7.053607155605777328e-04
7.039514146099520257e-04
7.013998189161610225e-04
7.002252043075338477e-04
6.970328572238784597e-04
6.937066916293383161e-04
6.915140796665362327e-04
6.881044432513499414e-04
6.850640830501069246e-04
6.814617026340594012e-04
6.780715792371440689e-04
6.757581784501309101e-04
6.732911175600091603e-04
6.705283543958346065e-04
6.684008911837732454e-04
6.652311644172748941e-04
6.616010075897053909e-04
6.558446719261136438e-04
6.536618372704365099e-04
6.460080302669608115e-04
6.409002388134488540e-04
6.333364892826553755e-04
6.291649019228479122e-04
6.182905150880334960e-04
6.133652665634898617e-04
6.047788306091643907e-04
5.953206050996220867e-04
5.852817631149885135e-04
5.789231019885217539e-04
5.666638749245554588e-04
5.503172982857273184e-04
5.362215739542447283e-04
5.317643694745187964e-04
5.226652138597177606e-04
5.162416000071170900e-04
5.107256895679657301e-04
5.025261963255869650e-04
4.944372370405416238e-04
4.853479371778084616e-04
4.771651750675612400e-04
4.714338747362939214e-04
4.621344432401430519e-04
4.826490236313687597e-04
4.569828393927521199e-04
4.487912867863981027e-04
4.422202212850120744e-04
4.362644702447265226e-04
4.332708301573581430e-04
4.289598227758836899e-04
4.262818491504783737e-04
4.241184375707912537e-04
4.207963312334227169e-04
4.163725245539564006e-04
4.127286245340172849e-04
4.066622888456425172e-04
4.016423265141311769e-04
3.971221922621268703e-04
3.922841630315398878e-04
3.878977658278289983e-04
3.859837800872333155e-04
3.808440577299064414e-04
3.779971355257469084e-04
3.735208125833725662e-04
3.695699805396519540e-04
3.656588956966256893e-04
3.616789059168647874e-04
3.586868069620970123e-04
3.554246341797461699e-04
3.528124572761143088e-04
3.495390967402375133e-04
3.462261908839648727e-04
3.423510839309637575e-04
3.391480183758323764e-04
3.368165400895633318e-04
3.350260620821450758e-04
3.325499772932284572e-04
3.288433082381752681e-04
3.252310632664827004e-04
3.228717782445734595e-04
3.204994312122987467e-04
3.170478966872503730e-04
3.154926726963470929e-04
3.134028833787812088e-04
3.097043820364004003e-04
3.048708919712419846e-04
3.004190782851710547e-04
2.982014121118329404e-04
2.944537001501758137e-04
2.913543061943777031e-04
2.862439951779587478e-04
2.823467069894041370e-04
2.778927204295282777e-04
2.750275396193935565e-04
2.719874502666994238e-04
2.651078510542795611e-04
2.688930908574746221e-04
2.619531414045223592e-04
2.579130152604339980e-04
2.542116619564502213e-04
2.506310430304602372e-04
2.463231956327651480e-04
2.386012893978638151e-04
2.342690288605490988e-04
2.275738563940681394e-04
2.254585320997468546e-04
2.225646352480744044e-04
2.168924952049305519e-04
2.138289567027798770e-04
2.074698735600817492e-04
2.046382111830034455e-04
2.015402220084572434e-04
1.988790286283332698e-04
1.963268525020895141e-04
1.943708163031692901e-04
1.917114498761077830e-04
1.946147473313208139e-04
1.901782785581195988e-04
1.878115574448748415e-04
1.859117812450769070e-04
1.840025094134823216e-04
1.802902051801131308e-04
1.802264072117398786e-04
1.783462477071813079e-04
1.762893352803176074e-04
1.749420779970215271e-04
1.736509454216803613e-04
1.728300328223717841e-04
1.709006731035491691e-04
1.702643253144065926e-04
1.696410730031912718e-04
1.687532862752638317e-04
1.686145687014596042e-04
1.680316828762070151e-04
1.671799431147885152e-04
1.663180439287796836e-04
1.649638407520680758e-04
1.639631168606095566e-04
1.630650196703544818e-04
1.621553233425584929e-04
1.616711149864717375e-04
1.610402789693733347e-04
1.604521143101943410e-04
1.599185339931484962e-04
1.591753035766366815e-04
1.585064450178559972e-04
1.582550252639825785e-04
1.579523178768859140e-04
1.575240533566328919e-04
1.567284460279672943e-04
1.556200643901421211e-04
1.547623952960968199e-04
1.541249654689239414e-04
1.538345260690087129e-04
1.534602316720540022e-04
1.529556118813037917e-04
1.523862117828184018e-04
1.519441445777958285e-04
1.516439230153522448e-04
1.514615720038553926e-04
1.510985428473679505e-04
1.506053630649471916e-04
1.503693372655404430e-04
1.496589199193316239e-04
1.493596132753666921e-04
1.490399070238924701e-04
1.486651223111726109e-04
1.482400495103397065e-04
1.479138914310513760e-04
1.476151369092197759e-04
1.474451907462412934e-04
1.470259644521383332e-04
1.464878019913475678e-04
1.461156488482078485e-04
1.456269285084689415e-04
1.453910479886420088e-04
1.450242034764204452e-04
1.444823709130571348e-04
1.440809090865916931e-04
1.436322537001753796e-04
1.433578978567751647e-04
1.431567406738431093e-04
1.425663650218529166e-04
1.424951547779379946e-04
1.421684502353733688e-04
1.416886369686273144e-04
1.412230709817168146e-04
1.411147928941090574e-04
1.402942834667351198e-04
1.402802593562795679e-04
1.400504678384936286e-04
1.396594793588779894e-04
1.392648660191592169e-04
1.388783028139567379e-04
1.384895394766092402e-04
1.381149149361111667e-04
1.377927365441420813e-04
1.376762549886751275e-04
1.374099402197316187e-04
1.367560040743672032e-04
1.364162512503611633e-04
1.352432101064012231e-04
1.349593387302395835e-04
1.345933779590168574e-04
1.341471689157829332e-04
1.336247278076672896e-04
1.333107716685636660e-04
1.326471194920133222e-04
1.323955338621902360e-04
1.320852564561413641e-04
1.315260712113036190e-04
1.310272169235905042e-04
1.306893492606772049e-04
1.303431364023801631e-04
1.298578867061550481e-04
1.291230011853381539e-04
1.321227151727763396e-04
1.287865424780167275e-04
1.281812693221675388e-04
1.277225078459225767e-04
1.273800945406983935e-04
1.266671181717176492e-04
1.440749008935944553e-04
1.264769791128996304e-04
1.256454612445091876e-04
1.250703738068560135e-04
1.246476373812919797e-04
1.243249086075384757e-04
1.238140606669620994e-04
1.229390317267194739e-04
1.218102104376750041e-04
1.215168599261957553e-04
1.207077258435398898e-04
1.203294804476787313e-04
1.196846083101758330e-04
1.188361994696974990e-04
1.187525326456022573e-04
1.181683578985181517e-04
1.172911381587132015e-04
1.163693858652511249e-04
1.156919531341766877e-04
1.149041813537777894e-04
1.142706944238283245e-04
1.136435333888138259e-04
1.184068645827595972e-04
1.132405599818111315e-04
1.124433235429972108e-04
1.117113680247150068e-04
1.101072042288917408e-04
1.100952125214613078e-04
1.094086506102345986e-04
1.088352421425692443e-04
1.084450153618432360e-04
1.080240405081929586e-04
1.075625562008371619e-04
1.069909357850796513e-04
1.061536442228741008e-04
1.110014963149795692e-04
1.056349272074759307e-04
1.044060099852895757e-04
1.034582281033151105e-04
1.068702453825085951e-04
1.030434815196930109e-04
1.021558396563788636e-04
1.015915067593167981e-04
1.008689611253732964e-04
9.956361699412428470e-05
9.815385879424632222e-05
9.776482230743973212e-05
9.736696553252425623e-05
9.653405104117677256e-05
9.606081821293911878e-05
9.538442249299803190e-05
9.420049459683588504e-05
9.271084561495476599e-05
9.472545743449516109e-05
9.218839062734548507e-05
9.115077553805382704e-05
8.960253764906078418e-05
8.941536774203106446e-05
8.819382021554107633e-05
8.797084302972340837e-05
8.752421513404425718e-05
8.669006668008064488e-05
8.555967638027470418e-05
8.482761698643198969e-05
8.418028650177726904e-05
8.354110711690585899e-05
8.278483592314783918e-05
8.223283754174969397e-05
8.073960631711505948e-05
8.031827353149065610e-05
7.901156061466136217e-05
7.819224734572190671e-05
7.705715440127373971e-05
7.671185110493138255e-05
7.637975596554682958e-05
7.546946481662132828e-05
7.530871408932104504e-05
7.369365738303247757e-05
7.342746262904591202e-05
7.322031109062898582e-05
7.296388104129219467e-05
7.232122097497396991e-05
7.168692421934545517e-05
7.068254477493357731e-05
6.990602358992424874e-05
6.954401662525222429e-05
7.017697228130809098e-05
6.933556206138973953e-05
6.895990830033438854e-05
6.818597390885266455e-05
6.791409750644397322e-05
6.765706145932964301e-05
6.753253265452820826e-05
6.708077831735895550e-05
6.662630520227775252e-05
6.582249301555637968e-05
6.836656731227125925e-05
6.557019974242576238e-05
6.500640960056369277e-05
6.461391932711681955e-05
6.428583798794506535e-05
6.382852573113837803e-05
6.299689778979146188e-05
6.279746727730321104e-05
6.219259269904985012e-05
6.207906895441352212e-05
6.184080245298710600e-05
6.140427962546309427e-05
6.080202574361256898e-05
6.008455025758729380e-05
5.940871594250956623e-05
5.907283174785370303e-05
5.864003972706240001e-05
5.786588804673219503e-05
5.727988436795997205e-05
5.650099326398580127e-05
5.592982344603538390e-05
5.518216536955814985e-05
5.450197187325757684e-05
5.343169648515711553e-05
5.294263506180298584e-05
5.212237598891534933e-05
5.170676902516629708e-05
5.140189918314973683e-05
5.067668686919550049e-05
5.983690388297110968e-05
5.043722086438075822e-05
4.959832836775821820e-05
4.982946800503525208e-05
4.932443742977299047e-05
4.885895537213651673e-05
4.855978344162265904e-05
4.820887449424525689e-05
4.782345141965957998e-05
4.695235880277342903e-05
4.666834366422718361e-05
4.632782281592188859e-05
4.596527005858091022e-05
4.546186074236723722e-05
4.456448604935247463e-05
4.371647051460321725e-05
4.341160688043844875e-05
4.325808768535322564e-05
4.312781105558943816e-05
4.293855954442000870e-05
4.251610693849500330e-05
4.201133936255785914e-05
4.179437194800591007e-05
4.156495881396345056e-05
4.144549041967205620e-05
4.124382096301281949e-05
4.083735534180594953e-05
4.021561224236189073e-05
3.981098201958908661e-05
3.955076895758431971e-05
3.936217755324228449e-05
3.913527167651719037e-05
3.879055627189326015e-05
3.841588589014717319e-05
3.822234285746278564e-05
3.791484048098991662e-05
3.777046070487396188e-05
3.764131002111142438e-05
3.770434299412722424e-05
3.750339287463952864e-05
3.725285677838494183e-05
3.707463288629800650e-05
3.689263028749836630e-05
3.657710486378180079e-05
3.653912232903248002e-05
3.637633484707646341e-05
3.616820928894307231e-05
3.609086813940822250e-05
3.597508217919945375e-05
3.564594009656153891e-05
3.559758036303102124e-05
3.528128655493719854e-05
3.518255506729091412e-05
3.510264513797654569e-05
3.513201724210097791e-05
3.504523471489691963e-05
3.497258872800206183e-05
3.477155270969432008e-05
3.464821125884650071e-05
3.456863308234235297e-05
3.445376361171181661e-05
3.435816740610796334e-05
3.429018526691118601e-05
3.419495489736571299e-05
3.410834352889300774e-05
3.399463421666629919e-05
3.385817125611572715e-05
3.367901619143375344e-05
3.357359792671711608e-05
3.335732376425971826e-05
3.324875212170849172e-05
3.312916361994635499e-05
3.302154652449344107e-05
3.403735929644251897e-05
3.298084663349127942e-05
3.284746377072780019e-05
3.277199440284647182e-05
3.267421500346085535e-05
3.256624125217938648e-05
3.234645093936187898e-05
3.258394943080216203e-05
3.223437570590680502e-05
3.206156266625414852e-05
3.193222300364014974e-05
3.185551681661104469e-05
3.173963857230345623e-05
3.152105994321023158e-05
3.828691271283623718e-05
3.144598243978505688e-05
3.120855810421916738e-05
3.103071114355354231e-05
3.087572373183272874e-05
3.069027932108664528e-05
3.041724004705693928e-05
3.006254436632287366e-05
2.973836371682770857e-05
2.952728322379331242e-05
2.991954564735942456e-05
2.941330549332525854e-05
2.923654082050156780e-05
2.905639348941435217e-05
2.881408662120886523e-05
2.854259213661747808e-05
2.833296604730962422e-05
2.811468928031471214e-05
2.779000410664179111e-05
2.730046446991301717e-05
2.957193107014949876e-05
2.705169368369668859e-05
2.670810347435841419e-05
2.642322712785662343e-05
2.715449008650484735e-05
2.624609300574019338e-05
2.601430300319083154e-05
2.572615954084629734e-05
2.531170634685798274e-05
2.514152115662179996e-05
2.489564438038514225e-05
2.481126097780764607e-05
2.471112430308510245e-05
2.440279140608185717e-05
2.472146960617945625e-05
2.422117168680393788e-05
2.372121221263000853e-05
2.349732998056741913e-05
2.328136724788493753e-05
2.310226460891612820e-05
2.281461223512722486e-05
2.349889428756224072e-05
2.265771723417624932e-05
2.233188972616612837e-05
2.205569205201050065e-05
2.190059920335456775e-05
2.176287396188746471e-05
2.127425700232055819e-05
2.226573415463707479e-05
2.103107278175339807e-05
2.052644487484087718e-05
2.013868824145720213e-05
1.986496968192260268e-05
1.960630449665936773e-05
1.948160131240468318e-05
1.928758829293223523e-05
1.930316096154506512e-05
1.902994090685242818e-05
1.860591910225677133e-05
1.843283365156537430e-05
1.831085526040091108e-05
1.806893919979596906e-05
1.776246946412884383e-05
1.756756494219581733e-05
1.731321315132464280e-05
1.711887533048640591e-05
1.697459336958591900e-05
1.681636262316604566e-05
1.634283406690306180e-05
1.896958980643866831e-05
1.619874009617186064e-05
1.588327459836669285e-05
1.577342589676920963e-05
1.563478769170741241e-05
1.544635103591825018e-05
1.521044065188531996e-05
1.504189078441391065e-05
1.490519127244168420e-05
1.479044329681770297e-05
1.460312875473083433e-05
1.449173334475794661e-05
1.436238430403331099e-05
1.427353290933068977e-05
1.426642965285319585e-05
1.415841500744775322e-05
1.410161321732234156e-05
1.402717688532906811e-05
1.394946141355567364e-05
1.399803846101947681e-05
1.386545153262769758e-05
1.374191638437320253e-05
1.365637886116594275e-05
1.359799483381394728e-05
1.350277265363127537e-05
1.340854134096349496e-05
1.328797209286569273e-05
1.306762651615162322e-05
1.299755794345565913e-05
1.292292365052963403e-05
1.286719337075921650e-05
1.271175725892526804e-05
1.261415519313777823e-05
1.252922726878726679e-05
1.247335899093597943e-05
1.241944887867454708e-05
1.235601620006454079e-05
1.223419810337683575e-05
1.212231540067676400e-05
1.203121502797785262e-05
1.198237811592558526e-05
1.187329021801467250e-05
1.180453213604391942e-05
1.170885237095910012e-05
1.160275699822557692e-05
1.149118713565777001e-05
1.138268230470173848e-05
1.133078075150447859e-05
1.126629696744841303e-05
1.117859057547739392e-05
1.109419353234544572e-05
1.097245713072691743e-05
1.090618020068530306e-05
1.083966669820410938e-05
1.077824591919367558e-05
1.070511211300983787e-05
1.066636212433858310e-05
1.061581735456334735e-05
1.058897110425130617e-05
1.054109511482753131e-05
1.043237061885153428e-05
1.034822699551458021e-05
1.031676906833375732e-05
1.028850834226366931e-05
1.025333984734522688e-05
1.018286813106868682e-05
1.012112348589438371e-05
1.006668739248197330e-05
1.005711918946856578e-05
1.002220398576003239e-05
1.000464429504863764e-05
9.954825692756829431e-06
9.904671619484729718e-06
9.805247360828855206e-06
9.678877481578131048e-06
9.613634942841498083e-06
9.586665200107622332e-06
9.568107434523546401e-06
9.531343589657826279e-06
9.493610209612526917e-06
9.451983212591575403e-06
9.375309443635809504e-06
9.519474434697113501e-06
9.340988523099893974e-06
9.277662197247629346e-06
9.199958111085907979e-06
9.120574250467889090e-06
9.706241272133585700e-06
9.103758384446429352e-06
9.070171836109109601e-06
9.028534082997478498e-06
8.968980371158187707e-06
8.893354232379375307e-06
8.844060422767989057e-06
8.797293107980785502e-06
8.794105939232596785e-06
8.765313918434007449e-06
8.753062226728353551e-06
8.725162960338274693e-06
8.686002686493774614e-06
8.695460784847466683e-06
8.661040424934838772e-06
8.623782475993265964e-06
8.607685435876291560e-06
8.594417727062866647e-06
8.572155115267568158e-06
8.527701063927781280e-06
8.496425215221665314e-06
8.458184194653476409e-06
8.431470125895359165e-06
8.412550302403853521e-06
8.418443831447332515e-06
8.403753407805507136e-06
8.390735930860491115e-06
8.379778325188525656e-06
8.361513891915988206e-06
8.337291011085891994e-06
8.302459756106842030e-06
8.285885343648947970e-06
8.266452142022009096e-06
8.255643509618028653e-06
8.240909494047611805e-06
8.209153543324085645e-06
8.164696485298300231e-06
8.178821277079838299e-06
8.144359575214349210e-06
8.123394931544369808e-06
8.114301180551444719e-06
8.105255463092348660e-06
8.093569815010560154e-06
8.076594024435464105e-06
8.057615745367721131e-06
8.032593009164262050e-06
7.999460023151085011e-06
7.995803137987789926e-06
7.957712160190057377e-06
7.937311189813240614e-06
7.906501920728990226e-06
7.875259267058802251e-06
7.873931968885588230e-06
7.855787267060341676e-06
7.841236796562106793e-06
7.824427953738905027e-06
7.797357998391046715e-06
7.744527681835861499e-06
7.725286882348953035e-06
7.713338554079948267e-06
7.703940413986824730e-06
7.671021934479472381e-06
7.735066887191394415e-06
7.659557368204277924e-06
7.638832543061423042e-06
7.617053480143014851e-06
7.605590600114818140e-06
7.592980464359671626e-06
7.579554800955990786e-06
7.550369520887325594e-06
7.553551245239496919e-06
7.544225722463839097e-06
7.537116868583880989e-06
7.515665321665747336e-06
7.495606342495333216e-06
7.474263391374177261e-06
7.464968377405931703e-06
7.455908481798950070e-06
7.442969203282044101e-06
7.425257759259429736e-06
7.410426378761916295e-06
7.399329303559950324e-06
7.386681829065643343e-06
7.381732937629148470e-06
7.377203192688516662e-06
7.371336506168041299e-06
7.359571401901739983e-06
7.343111648763420581e-06
7.324618327608571386e-06
7.304856562704182444e-06
7.291765185811779042e-06
7.286288746011288894e-06
7.276864158522725580e-06
7.270689705560933104e-06
7.265237342409871255e-06
7.251882968152710746e-06
7.234742344043831232e-06
7.219708482007162246e-06
7.207799380317172886e-06
7.193472732427591135e-06
7.181277506487210492e-06
7.167582026383702127e-06
7.137383911741683466e-06
7.116454163444395229e-06
7.090388680272785618e-06
7.087653758033423174e-06
7.071835941485348642e-06
7.066374247072337546e-06
7.061526620503086396e-06
7.057272979753417692e-06
7.050361082766182320e-06
7.041011544499320375e-06
7.010300642730941186e-06
6.980991987279489108e-06
6.956400212218823692e-06
6.914998804187590875e-06
6.916576887542335393e-06
6.902060269223787939e-06
6.887415578039431800e-06
6.864044867076756504e-06
6.853031279851290065e-06
6.834623821105482365e-06
6.801992027230278014e-06
6.786468063520367103e-06
6.752468224077642504e-06
6.794380914213870443e-06
6.742527728989684336e-06
6.732333787459517663e-06
6.723663744964498078e-06
6.716968393414035033e-06
6.689783443491656107e-06
6.650729487917989363e-06
6.617215377691226447e-06
6.576202526067083192e-06
6.549528615098253145e-06
6.531841489364069079e-06
6.508924264296055362e-06
6.466266679199119839e-06
6.390646193374392395e-06
6.326869834732777508e-06
6.265164834029286037e-06
6.281020899519195816e-06
6.242195614708209862e-06
6.227165027369313718e-06
6.194617547839288704e-06
6.145152088873067242e-06
6.089306802900901897e-06
6.046269728036998733e-06
6.021847165139555011e-06
6.000417220513736885e-06
5.965982967951935304e-06
5.882870786196879833e-06
5.837620712114338840e-06
5.738120727638084819e-06
5.700061258181176674e-06
5.685834198273638667e-06
5.672633691141485885e-06
5.662995999374883466e-06
5.639077384351504328e-06
5.602759082829448936e-06
5.539967711996973638e-06
5.529705466924795547e-06
5.487478140725278191e-06
5.420937964054633752e-06
5.341045594212313246e-06
5.284547767745405221e-06
5.282229078500042336e-06
5.254118470423533092e-06
5.224407460719884691e-06
5.165518558158539698e-06
5.140032156300415576e-06
5.138858072067258221e-06
5.120816527904069267e-06
5.085294734129070031e-06
5.038666267120152747e-06
4.961091160991683241e-06
4.879682785242315554e-06
4.812312576027674635e-06
4.761513306460349543e-06
4.698628754913782651e-06
4.628028318468267776e-06
4.547065621994572285e-06
4.489450527918122479e-06
4.462707505064128095e-06
4.447053945027508524e-06
4.414014650076450650e-06
4.299642128118265092e-06
4.165535658982097157e-06
4.127367354272787407e-06
4.041227686918041632e-06
4.023975961227795400e-06
4.007193669085722434e-06
3.976344591453216010e-06
3.865341860804822634e-06
3.739350249549679900e-06
4.455170209417156911e-06
3.715638782537419449e-06
3.611701620393977922e-06
3.554775322001967965e-06
3.512511048712689380e-06
3.482670778681233666e-06
3.417475580063936833e-06
3.310406941264175364e-06
3.240315004623083712e-06
3.194581799265346223e-06
3.175933575852391154e-06
3.142203851752648760e-06
3.058809569913770809e-06
2.983407251886651046e-06
2.972427382181310500e-06
2.933453323106816503e-06
2.891884886126626576e-06
2.869795151380332532e-06
2.851468698004627650e-06
2.809847039942522184e-06
2.934627798206989091e-06
2.780741368373865139e-06
2.712754662637857909e-06
2.636434928881115793e-06
2.601062146263565394e-06
2.575361447364334661e-06
2.513666247770690530e-06
2.493186119952907252e-06
2.411631681326380812e-06
2.376471896012552757e-06
2.352134012028121945e-06
2.336621348874109773e-06
2.304640608804241535e-06
2.257554263201624329e-06
2.120755596365499328e-06
2.168482589794799305e-06
2.100851258641555969e-06
2.074566506130134600e-06
2.063752027080208284e-06
2.053383832982032964e-06
2.020631078804969346e-06
1.981401403117713335e-06
1.921344401924730593e-06
1.856150362074345191e-06
1.837910229264651164e-06
1.825830724714743782e-06
1.838049998631786116e-06
1.811822066124688078e-06
1.790023253790869136e-06
1.762181912017285264e-06
1.746267799132849166e-06
1.725224212394246157e-06
1.697076102744587007e-06
1.675279739309082914e-06
1.642838901285653122e-06
1.957176980258377670e-06
1.635948946108021658e-06
1.625087193548006955e-06
1.619179470768219027e-06
1.614520121927802194e-06
1.607221059357481671e-06
1.595771164811501016e-06
1.588464898810385912e-06
1.572971524863387094e-06
1.556416296299943545e-06
1.533667658347996733e-06
1.529483149410756448e-06
1.508322221715771698e-06
1.502723989810936125e-06
1.495370731424400916e-06
1.486629891902319840e-06
1.468533337321703659e-06
1.444078612555708874e-06
1.437466483611893922e-06
1.425865421358574678e-06
1.420981493261211751e-06
1.410627566791682664e-06
1.395430643258627851e-06
1.377700389893039532e-06
1.389256450917776690e-06
1.364119122286284543e-06
1.347069287694005923e-06
1.337307126289818364e-06
1.327647108637312882e-06
1.313664718793054436e-06
1.297140701034190467e-06
1.286454434482778471e-06
1.283247036938322771e-06
1.280275013033906453e-06
1.266942107132966022e-06
1.244457408186383653e-06
1.258770314364968937e-06
1.231521611685943506e-06
1.208066780476098489e-06
1.189802541805994445e-06
1.187601859025524002e-06
1.182307971550213441e-06
1.178567754364972260e-06
1.173203676422200016e-06
1.185386427594850604e-06
1.171438978471683278e-06
1.167144886985442998e-06
1.155576228436930250e-06
1.125019455507751339e-06
1.115975243590398978e-06
1.102628612187667205e-06
1.098584134557484682e-06
1.096601314289418361e-06
1.088621260815968525e-06
1.083494026128547006e-06
1.072795672004848517e-06
1.066571892488586162e-06
1.069775605666186152e-06
1.064594048227380859e-06
1.063108558780160919e-06
1.062333051088898769e-06
1.060583515305233064e-06
1.056744643496980097e-06
1.049830663979427420e-06
1.046096464228699652e-06
1.037418644764348436e-06
1.033385258151918133e-06
1.030420248581422564e-06
1.027197418302121873e-06
1.020872674804579888e-06
1.021076254270725811e-06
1.017085713017225603e-06
1.010614599911075231e-06
1.005501972339960807e-06
1.002750239150988886e-06
9.985967647684828928e-07
9.913971957792529864e-07
9.808268105369450356e-07
1.003492218289234164e-06
9.764213260863911636e-07
9.686062981246410111e-07
9.642763992161109966e-07
9.609618239055295644e-07
9.574910238586003317e-07
9.596244463756426419e-07
9.536830732616338437e-07
9.485722671976886965e-07
9.463321155644107431e-07
9.416331425643006130e-07
9.345881677955808583e-07
9.261739511621241971e-07
9.151251764134194044e-07
9.049274587045203763e-07
9.049269446620688203e-07
9.024060307058517096e-07
9.001216447199173603e-07
8.972939185061915825e-07
8.969900977221686656e-07
8.947946483230321676e-07
8.907376790800353942e-07
8.821282784712809515e-07
8.757067178189934570e-07
8.739358797194723620e-07
8.709060200883337008e-07
8.699307144228911029e-07
8.678027875722275337e-07
8.660183713410843806e-07
8.643488547095911637e-07
8.619094365551846605e-07
8.583169949062215188e-07
8.553792585857294592e-07
8.501105272411277141e-07
8.483019503217905419e-07
8.466139014513678680e-07
8.453681482193693149e-07
8.438310239851101816e-07
8.413728762250511216e-07
8.382120227891627718e-07
8.325930578156462386e-07
8.301184992984056633e-07
8.276868818331624489e-07
8.253112872303626073e-07
8.224634305793382120e-07
8.185280406266788566e-07
8.115752355308743446e-07
8.129886669189142354e-07
8.084137932856463159e-07
8.051209063170052073e-07
8.036884163096492424e-07
8.027163558724933715e-07
8.004836996014911750e-07
7.984608551081293100e-07
7.964830598084256899e-07
7.952506619519427353e-07
7.940783871586123187e-07
7.923920988094354351e-07
7.905413579992620089e-07
7.892563236403902241e-07
7.878880095361373657e-07
7.870404402517740782e-07
7.865171756464329408e-07
7.853243240258995766e-07
7.847916898510123220e-07
7.831379543353564372e-07
7.818994865597475571e-07
7.794048574539674611e-07
7.770579734137394406e-07
7.750808890368148294e-07
7.722247396562909222e-07
7.702205966312783186e-07
7.693986421166952441e-07
7.685697050429540412e-07
7.680640601430850081e-07
7.674644002662358930e-07
7.664453002218531571e-07
7.645257334706913488e-07
7.602600868524305595e-07
7.559086727658077260e-07
7.487456066916079867e-07
7.450273595300772387e-07
7.430760018048544187e-07
7.424542773097734331e-07
7.403801404356987079e-07
7.607578332554820957e-07
7.396323704767423108e-07
7.389546077850602240e-07
7.373856586077342676e-07
7.358744099160153537e-07
7.336545612222976392e-07
7.324315783943314850e-07
7.300687816557959337e-07
7.287423268644040243e-07
7.267690489097289792e-07
7.259850044388873027e-07
7.238208828312490199e-07
7.233850161791718144e-07
7.229835016460983890e-07
7.227635462286681844e-07
7.221054698604227122e-07
7.214627713054606705e-07
7.206314362575900607e-07
7.197420419533836548e-07
7.187164719127302285e-07
7.178027228265404239e-07
7.171771608318039715e-07
7.165951708778199480e-07
7.159916347122335225e-07
7.149748826210147820e-07
7.143365590980455867e-07
7.135622831826299532e-07
7.118465777506782733e-07
7.102046174008118741e-07
7.076876718462871098e-07
7.061060521349410703e-07
7.051412730935339692e-07
7.048476793954034102e-07
7.046737583670040200e-07
7.041339527755518188e-07
7.031045102141758188e-07
7.011582164680862888e-07
7.044481201157076068e-07
7.002365658243748779e-07
6.974798686434575983e-07
6.953965981373954019e-07
6.942044873178187593e-07
6.932747489253557329e-07
6.911423254318969615e-07
6.880974884338858715e-07
6.838611169663444288e-07
6.826138220383903819e-07
6.815887558156377116e-07
6.801308190541676999e-07
6.784510792160874621e-07
6.768007237930833022e-07
6.749611816612801037e-07
6.739321783657063291e-07
6.730398491793508407e-07
6.719147767900933806e-07
6.719890806715273718e-07
6.717296346917021292e-07
6.716264877878872848e-07
6.709464545717512204e-07
6.697812952038363003e-07
6.671280498789538428e-07
6.628460648037440039e-07
6.630559599428247124e-07
6.605794427897640345e-07
6.566875548925711927e-07
6.553089087275619334e-07
6.548419336433168947e-07
6.544923420376670307e-07
6.534540241884949571e-07
6.541768230744245649e-07
6.528428255995055069e-07
6.519126181055880432e-07
6.508843673261235944e-07
6.501614888358101753e-07
6.488001235492925638e-07
6.471549415246534232e-07
6.464433494644767460e-07
6.449500261879421616e-07
6.442859552841601764e-07
6.431827118926884534e-07
6.418454261639381162e-07
6.396627637579033916e-07
6.364571166200251958e-07
6.356812900012877079e-07
6.348523588976163000e-07
6.344196505124160094e-07
6.340134135194542213e-07
6.334102489669384598e-07
6.320538288877498883e-07
6.313204740494218745e-07
6.293853450660619540e-07
6.286031089879970724e-07
6.283215042908360222e-07
6.280449502103408998e-07
6.270564503829328931e-07
6.253778684303154492e-07
6.238012233003727625e-07
6.208144898046061158e-07
6.190979307847180438e-07
6.186000327424331703e-07
6.183727647677231004e-07
6.180328510679289734e-07
6.175558653335320487e-07
6.166942272763516783e-07
6.159940488567276816e-07
6.148013756385459891e-07
6.143563366182490308e-07
6.140470843551487184e-07
6.137665206349749124e-07
6.153921826521981980e-07
6.133608153310954113e-07
6.121889619351654757e-07
6.103005382471217019e-07
6.091334044017290546e-07
6.083179248321015269e-07
6.078038422376411187e-07
6.063097347827924553e-07
6.055044248677445138e-07
6.046598756053127588e-07
6.031732098410482503e-07
6.023589976194790976e-07
6.015075175465947385e-07
6.008152173969635425e-07
6.006044661189110567e-07
6.001853579909531842e-07
5.995508975017302420e-07
5.978825321907155866e-07
5.979962067381985668e-07
5.965307315742785048e-07
5.940694561155911027e-07
5.920779312535990215e-07
5.917613926745601184e-07
5.916243482462807547e-07
5.914458405714228419e-07
5.904755701869763835e-07
5.888872319400692878e-07
5.858110961801997823e-07
6.340912071365529010e-07
5.850925928517262899e-07
5.819188963862582779e-07
5.790741301273963587e-07
5.775976080406600058e-07
5.762837505310903133e-07
5.797006791903816242e-07
5.756705930368287804e-07
5.744886700013543502e-07
5.738847219803691420e-07
5.737421221343682469e-07
5.735755321280817281e-07
5.730046337473449319e-07
5.717977908619360703e-07
5.698383448627602323e-07
5.676365590966564427e-07
5.658656974474451864e-07
5.648134360743641028e-07
5.643380556494054650e-07
5.637297427983079030e-07
5.625015526498356628e-07
5.611547607083947510e-07
5.611363479470349715e-07
5.601418588644205766e-07
5.592338045303714737e-07
5.587270712370501017e-07
5.584975215178391366e-07
5.577529806473594207e-07
5.576877684795537013e-07
5.572919174560852627e-07
5.567020676467568599e-07
5.563299880757997233e-07
5.561364348368741474e-07
5.559485922440215363e-07
5.547393375383704687e-07
5.542594974836029426e-07
5.540077740583950280e-07
5.534977165391731577e-07
5.532992871998641132e-07
5.522037871049063616e-07
5.505384736466841100e-07
5.479304780566929711e-07
5.717093172870442054e-07
5.473351833218066360e-07
5.458428912973694197e-07
5.450362589691669394e-07
5.445474409505732690e-07
5.437603559513413066e-07
5.426531479520564425e-07
5.462568544383843823e-07
5.421806675421235716e-07
5.409676621725031255e-07
5.401188108957548842e-07
5.392910000537464985e-07
5.382197166882912836e-07
5.370959144060889954e-07
5.348209898456591210e-07
5.360877573262889442e-07
5.332392581170177447e-07
5.317128323837766432e-07
5.295235222085606450e-07
5.286082494903135656e-07
5.270221996120409671e-07
5.259477297268818948e-07
5.252433610202210319e-07
5.241215789478402616e-07
5.252715643744692956e-07
5.235972060395107844e-07
5.231107365187673403e-07
5.226258726113699812e-07
5.220878422685693640e-07
5.214731916135502791e-07
5.205222230959859545e-07
5.201073936221549470e-07
5.188246656956226492e-07
5.183848707110084004e-07
5.179089362576681257e-07
5.170371861025273950e-07
5.164277316169385125e-07
5.155506665875420362e-07
5.148849014123565029e-07
5.137890939479664411e-07
5.123552101799291789e-07
5.093888948090334565e-07
5.069556062240432621e-07
5.060053556362561580e-07
5.058153399232800396e-07
5.052372442707758378e-07
5.048832107119238892e-07
5.042785572403493241e-07
5.044518481656612488e-07
5.041158404556049812e-07
5.038137361761580866e-07
5.035392595759685669e-07
5.029550492681274178e-07
5.020309921717873887e-07
4.999244130480432982e-07
4.968844244588860222e-07
4.946345054613303665e-07
4.914862402849743171e-07
4.895801371982657311e-07
4.885837870009304899e-07
4.876243338701767094e-07
4.862122889479696273e-07
4.839798012643536255e-07
4.816961474425724697e-07
4.797394304327078697e-07
4.774809764812311859e-07
4.746943666152036622e-07
4.733413815062568312e-07
4.726036192277343194e-07
4.721375829908258507e-07
4.715255997780080316e-07
4.702152727956726143e-07
4.686921418058649566e-07
4.683169564052289494e-07
4.669525790963355128e-07
4.666099480301762806e-07
4.660651612056680829e-07
4.648094459510395830e-07
4.628843452364371886e-07
4.697141866083800706e-07
4.618483558422051620e-07
4.597928146816680352e-07
4.581030223769079660e-07
4.570224087333873826e-07
4.555579065729208153e-07
4.560036131409292728e-07
4.548605938200965767e-07
4.541828200538907443e-07
4.538230848435037716e-07
4.535258945217089732e-07
4.526676324018907455e-07
4.530736304436148770e-07
4.521318510098979014e-07
4.513426121613586803e-07
4.503005041653872898e-07
4.500968944994751024e-07
4.495658263344922731e-07
4.515141893499785022e-07
4.492755600317606099e-07
4.486319153648127223e-07
4.475368339544753135e-07
4.462672431920360174e-07
4.438668679197153430e-07
4.405364233089222803e-07
4.389925635719320732e-07
4.368358197924514280e-07
4.363598226851861407e-07
4.361684940598923336e-07
4.355970157630319298e-07
4.347805089364044219e-07
4.335682583940475798e-07
4.324127194987579425e-07
4.311996519384093804e-07
4.291453332635905777e-07
4.274812136949025674e-07
4.292469556627914503e-07
4.263053722448951228e-07
4.245925700609869257e-07
4.240890543666096675e-07
4.237673855078757993e-07
4.233891451663843265e-07
4.230569140395323578e-07
4.222023124973157854e-07
4.214538812068895989e-07
4.209361642123240192e-07
4.207383845309323830e-07
4.204679719761905998e-07
4.203233910548877483e-07
4.197396142680833879e-07
4.187911738129330684e-07
4.175542986261376109e-07
4.162234912391951314e-07
4.212869988897049833e-07
4.155020356833055600e-07
4.145083933698136496e-07
4.133844077627321637e-07
4.123446967583001975e-07
4.117059588111278830e-07
4.111499164713793793e-07
4.109879111021699036e-07
4.106748941120459706e-07
4.102906451443334220e-07
4.098085078859821944e-07
4.092722000109125351e-07
4.089725276433437020e-07
4.085886433365442246e-07
4.083367973260573826e-07
4.074168913200065358e-07
4.061586172580115739e-07
4.046272687099438744e-07
4.035158830003325108e-07
4.028561683524531274e-07
4.026634869419960079e-07
4.025249764244219834e-07
4.021314084610230268e-07
4.013897096898526162e-07
4.034585036187686425e-07
4.010567703276980440e-07
3.999023063439530556e-07
3.988439001740641084e-07
3.982214578179818542e-07
3.977058365898584600e-07
3.972400141011069083e-07
3.967798623916918699e-07
3.967859685916409529e-07
3.964601740615100375e-07
3.960312827195097796e-07
3.959078898745251171e-07
3.957916330437110494e-07
3.956294167775609482e-07
3.954062751787968550e-07
3.949649186866631773e-07
3.945898283244256358e-07
3.939109630553789189e-07
3.946294693091221464e-07
3.937713187637732893e-07
3.937029558601944733e-07
3.935719317789699985e-07
3.934363979991533024e-07
3.930494470693723638e-07
3.923259084501515826e-07
3.912177756465563496e-07
4.183870083479971093e-07
3.910641179060807932e-07
3.901502587635435756e-07
3.895803526756418967e-07
3.891115984840779477e-07
3.885796355886423196e-07
3.882944320864502751e-07
3.873838815538106963e-07
3.870851213395916986e-07
3.869029493900325273e-07
3.867321508527793113e-07
3.862585251666226193e-07
3.858097963563348359e-07
3.854035347919355236e-07
3.850779175942676408e-07
3.847907419072090079e-07
3.845304538773193697e-07
3.840251410847041761e-07
3.851619674660431699e-07
3.838932265052678398e-07
3.836498756603492621e-07
3.835521248659557614e-07
3.833944431129323791e-07
3.831993846665730864e-07
3.828003166406738521e-07
3.823612862643501389e-07
3.819738597623722104e-07
3.813902115459847591e-07
3.807443483115274449e-07
3.799619704168558515e-07
3.791794012390215098e-07
3.791282503291196136e-07
3.788857773717459858e-07
3.784748565779671211e-07
3.783180008416391605e-07
3.781915578482987424e-07
3.779813423492829278e-07
3.775714718937911259e-07
3.771853678634528730e-07
3.768182880306994838e-07
3.766258873559965268e-07
3.764542761507571069e-07
3.762819328177423880e-07
3.757603750897589249e-07
3.751552329776016412e-07
3.778629466126696935e-07
3.749003609223458603e-07
3.745378175268081575e-07
3.743394089708416079e-07
3.741958592285174876e-07
3.738784477112316370e-07
3.732490283067115880e-07
3.724472453818913044e-07
3.724446584094093791e-07
3.719600673009184419e-07
3.715676473749219542e-07
3.714145209093801838e-07
3.713756257232331984e-07
3.712406307223973860e-07
3.710954963434213571e-07
3.709678653883379548e-07
3.706539360009588258e-07
3.704995790160105610e-07
3.703275800512157058e-07
3.699959949577767128e-07
3.693709610991853579e-07
3.685844635559695821e-07
3.674977639096968287e-07
3.666768324133105152e-07
3.661263817929990857e-07
3.661520186065766993e-07
3.660537923904492768e-07
3.659568065846034363e-07
3.653645915830432856e-07
3.651201979799937237e-07
3.648130236783758792e-07
3.644249261530950167e-07
3.634504950232242514e-07
3.623960271122560622e-07
3.637592276475854058e-07
3.621628753379562016e-07
3.618666391227641721e-07
3.617545193960943656e-07
3.615937453245198982e-07
3.615250631101596721e-07
3.612480229971679030e-07
3.610358378519815739e-07
3.609161194951779315e-07
3.607495866955770818e-07
3.604720814480775996e-07
3.602288199475764937e-07
3.600264211736382759e-07
3.598212935358674338e-07
3.596228244688507494e-07
3.590801105749391626e-07
3.588416282128445353e-07
3.587362208651232890e-07
3.586535919005903131e-07
3.585928893065507342e-07
3.585168334901563770e-07
3.584243019882089747e-07
3.582951355124053882e-07
3.580203358452361488e-07
3.575639056776686145e-07
3.568522843329508599e-07
3.593047398969960656e-07
3.565392502381921970e-07
3.558652232616188368e-07
3.553161303043525155e-07
3.551347916633846035e-07
3.561016733108288511e-07
3.550573890320798468e-07
3.548829061012888536e-07
3.547444987332321352e-07
3.545838223433343067e-07
3.543889430345977650e-07
3.541313330556298153e-07
3.556774112576781671e-07
3.540847381474231064e-07
3.539602757586887007e-07
3.538965167883050564e-07
3.538364536202871456e-07
3.537227947988238462e-07
3.534794162939535317e-07
3.530979244611273226e-07
3.578354140606331800e-07
3.530489114819114761e-07
3.527365652950098239e-07
3.525378983821564410e-07
3.523389835109878262e-07
3.521398425134039123e-07
3.516211826667713337e-07
3.507364375765164801e-07
3.506026001540862891e-07
3.496743542486877602e-07
3.493665280896459596e-07
3.493048134525738066e-07
3.492615487535596281e-07
3.492104329517411687e-07
3.490830906949594962e-07
3.489007422765039521e-07
3.487788665725662602e-07
3.485617933074269404e-07
3.484104570280150302e-07
3.482187097048910838e-07
3.479476903974720902e-07
3.474483929297014518e-07
3.468925399341941761e-07
3.467124942644965264e-07
3.463363249885407290e-07
3.462692124597783677e-07
3.461941744224317475e-07
3.460637701567521626e-07
3.458827589113684579e-07
3.458643417907185693e-07
3.457711598064575023e-07
3.456484846923990173e-07
3.455124901984641684e-07
3.453994171262403201e-07
3.449442695687789627e-07
3.443159979751941540e-07
3.460794456590938438e-07
3.440944553965824340e-07
3.433305438938468194e-07
3.426828101587153638e-07
3.418893002312843594e-07
3.410234170833257277e-07
3.398760747584890952e-07
3.417777374535745268e-07
3.396602688081447959e-07
3.393020747781428381e-07
3.391921761435176236e-07
3.390376564133695130e-07
3.387224776162042835e-07
3.381718269843773508e-07
3.454605385554221787e-07
3.380595171857965637e-07
3.375337650023603413e-07
3.372174939649384078e-07
3.370024121270819161e-07
3.367926107266969667e-07
3.364212713993023914e-07
3.363045890791086264e-07
3.360025242140556433e-07
3.358256364275606941e-07
3.353840067986411106e-07
3.344262047489164675e-07
3.354986958190506158e-07
3.337271784512156074e-07
3.321802100545325318e-07
3.312326605679157881e-07
3.306050798860061608e-07
3.302531022394133451e-07
3.297639238168488216e-07
3.295339245214093487e-07
3.293049393163712396e-07
3.292062132154480662e-07
3.290539378561258321e-07
3.286966439916474354e-07
3.282871663406073801e-07
3.286257732758775898e-07
3.281158406682197923e-07
3.278485806911437843e-07
3.276749651467990482e-07
3.274502403072248398e-07
3.271138266515236388e-07
3.264129134672664149e-07
3.301903068608743314e-07
3.262501344443979098e-07
3.258174302044534610e-07
3.252289018810713815e-07
3.243359805489075058e-07
3.236460415594250821e-07
3.232156352483774828e-07
3.228087670381800010e-07
3.221789936495549352e-07
3.218186138777147078e-07
3.216958436837050736e-07
3.212450910387546970e-07
3.211049357638590680e-07
3.208704432585580838e-07
3.207510492457042505e-07
3.204441009334622034e-07
3.200034751975330722e-07
3.195630262512244690e-07
3.190124287309209451e-07
3.191265514656582771e-07
3.187439879807524681e-07
3.183460594513706620e-07
3.179046653155525847e-07
3.173840225599564138e-07
3.170050529995286319e-07
3.168732153349336823e-07
3.166869128629528592e-07
3.165487829832047046e-07
3.161752926588129994e-07
3.179189694100565340e-07
3.160182733040667514e-07
3.157793021448695225e-07
3.154284312055240601e-07
3.152839665149933735e-07
3.151547261754937957e-07
3.150757227525730829e-07
3.148727525743304685e-07
3.145890344032193967e-07
3.138698671104405345e-07
3.125959620809779875e-07
3.119112436342684892e-07
3.104801281360588487e-07
3.098906939243428124e-07
3.095883744644158162e-07
3.093818838594799207e-07
3.091182792039261022e-07
3.089484373558099192e-07
3.087773544706498071e-07
3.086114910044846862e-07
3.084209762351275036e-07
3.080983960433685808e-07
3.076410404837563265e-07
3.107809393758568405e-07
3.074147291574037883e-07
3.069766394927565439e-07
3.063092782615225567e-07
3.055825767387596782e-07
3.047801238019280487e-07
3.037779794042062520e-07
3.031684837188229008e-07
3.028682190229650315e-07
3.026566486026786610e-07
3.023490590368217186e-07
3.017410797188600777e-07
3.012929881784001267e-07
3.008554297841877587e-07
3.000055578228053442e-07
2.988909767675186740e-07
2.982495098374720425e-07
2.977963947652527385e-07
2.975822496173419120e-07
2.974092185668326316e-07
2.971911955116197818e-07
2.969432571374388977e-07
2.968365064353542697e-07
2.964853276494383910e-07
2.962801929402957333e-07
2.958269260162876384e-07
2.953754502237997109e-07
2.950383111795324327e-07
2.946013945115299519e-07
2.937738363570093604e-07
2.930984997051467283e-07
2.933247856601788840e-07
2.927688597133828319e-07
2.923359810739253979e-07
2.920773893694174954e-07
2.917982845079213758e-07
2.912607450023281542e-07
2.903650982758844323e-07
2.888617503331285845e-07
2.890712784547420363e-07
2.880024384128779393e-07
2.870114872990195922e-07
2.865256823469543488e-07
2.862618151189170630e-07
2.857650966980275127e-07
2.853465383704277166e-07
2.850048507495453199e-07
2.848766743422850602e-07
2.848978084711507540e-07
2.847246910767456263e-07
2.845426580142818614e-07
2.843342008479142266e-07
2.841476775007027784e-07
2.839454910340818002e-07
2.837465774338334479e-07
2.828632393263206902e-07
2.819390603452701377e-07
2.810237080973589350e-07
2.797292621636677299e-07
2.790234062194751174e-07
2.787235797920930765e-07
2.785776898644832338e-07
2.781694112880437607e-07
2.789205640055347713e-07
2.778909585914685386e-07
2.773648064881841107e-07
2.772568654373799602e-07
2.771335602282302655e-07
2.770989126365963833e-07
2.769525039427102707e-07
2.766470929964582596e-07
2.768691966725226258e-07
2.764169760554341491e-07
2.759086318811761545e-07
2.752923741369875229e-07
2.750190288885616540e-07
2.746523759437609073e-07
2.742237196731260924e-07
2.735313664571136850e-07
2.703415353187754304e-07
2.699089213974555095e-07
2.697568155835354916e-07
2.696486912937166672e-07
2.695888412785742588e-07
2.694899723510249761e-07
2.694229139463046978e-07
2.693360490092407221e-07
2.691978725893427724e-07
2.690652347626273675e-07
2.687066623504187910e-07
2.682566265417315527e-07
2.678553718274887815e-07
2.673049987841848394e-07
2.669426377186224516e-07
2.662811492040190673e-07
2.659156213345295069e-07
2.656021308666928930e-07
2.655042143698693525e-07
2.654628905746995703e-07
2.654160897578417058e-07
2.653217136669390416e-07
2.651792915185923934e-07
2.648671710351206564e-07
2.645862438925212030e-07
2.642138143954076584e-07
2.639018186433834143e-07
2.636266939391126882e-07
2.632476852052614392e-07
2.629528286494713502e-07
2.623703851545326444e-07
2.620120973521112108e-07
2.615156388948335387e-07
2.613195166373244289e-07
2.611899938281312475e-07
2.609578879854021189e-07
2.608163796580336612e-07
2.606454471908621416e-07
2.605086173498767070e-07
2.604197130031362617e-07
2.602958833406562856e-07
2.601363811851203740e-07
2.599458244143665993e-07
2.597905939361174200e-07
2.594821991358123373e-07
2.588911275077207297e-07
2.842309958019617493e-07
2.588097609511082054e-07
2.583208023519414457e-07
2.579145710003810813e-07
2.575881837244776482e-07
2.572808537505558504e-07
2.568823489923794090e-07
2.565764831504743832e-07
2.562822173143568078e-07
2.561149372372743075e-07
2.560217830817513268e-07
2.558130783842786856e-07
2.556117755552731671e-07
2.555641120056241207e-07
2.553959123728139461e-07
2.553521501981419016e-07
2.552382006532910316e-07
2.549728323205064830e-07
2.545776545568521722e-07
2.539670765813986220e-07
2.537447711544490363e-07
2.535376562649974866e-07
2.535000155823272517e-07
2.534422254268793495e-07
2.533277804998068251e-07
2.534400292879840264e-07
2.532368117586955461e-07
2.530723650422812164e-07
2.529417730121342365e-07
2.528485401226114490e-07
2.528079561716188233e-07
2.527433153074018421e-07
2.526809796578318475e-07
2.525508163793468987e-07
2.523338111562733874e-07
2.520195437905483825e-07
2.515816977893960032e-07
2.509199465330342757e-07
2.505642906601784711e-07
2.502775253627756983e-07
2.498805378822197024e-07
2.495463722810241206e-07
2.491018496152426039e-07
2.489299689776393225e-07
2.488195331964358614e-07
2.487907459638620797e-07
2.487286092447269440e-07
2.485756767342078455e-07
2.482402516747724543e-07
2.476573846840152316e-07
2.472952808566672871e-07
2.465283214807552234e-07
2.462405911121896593e-07
2.460994213818660413e-07
2.459630278791060439e-07
2.457719919071683483e-07
2.452752352338249900e-07
2.451262599891786356e-07
2.449473565081572176e-07
2.447700806395646806e-07
2.445898463953509000e-07
2.443940073378426480e-07
2.443286909919276514e-07
2.442807100392650021e-07
2.442045574505660371e-07
2.440301892214001116e-07
2.436896576909201232e-07
2.448426113118197833e-07
2.435440033076770265e-07
2.430133599454571291e-07
2.424931410330943266e-07
2.422937751825683863e-07
2.422324004152380930e-07
2.421644503886405157e-07
2.423323039355966109e-07
2.420869676974502923e-07
