7.338401536621116938e-02
1.920394062709684143e-07
6.813187681738500011e-06
4.049039821805086749e-07
7.941637811494124195e-08
4.206618608868918840e-06
2.243738207852726551e-07
6.942073400487032420e-02
1.232865875619793647e-05
1.700891066283921085e-06
5.036933175292011818e-06
1.648937083740249410e-07
1.262940400873491319e-06
3.901700049437149386e-06
3.072712636228814010e-07
9.067056668178655255e-06
2.021805949873329885e-08
3.419324157313305933e-07
1.889137746923652415e-08
5.784475484725157158e-09
1.121267834986040145e-07
1.880709853887292695e-08
1.215643308631782724e-05
2.683707155525326559e-09
4.805355238460328123e-09
5.701391978837122738e-07
1.078617821570807910e-08
5.048288912087631700e-08
1.408125950562586760e-07
2.896248532329700913e-09
6.855496930209799398e-07
1.161876732103507058e-08
2.293503589054860100e-08
5.588960269988010705e-09
2.781580580670746617e-09
7.971443053220296997e-08
1.825387353397382803e-07
2.887609985655010779e-09
2.724634117240570293e-07
8.073241758055335305e-08
3.537270962971807509e-09
1.001716029539159653e-06
3.869563841022071818e-08
1.552119011157234928e-08
3.972893648791710731e-08
1.404683333981752971e-08
9.483508900885189680e-06
3.305910620702804581e-09
7.408574135027325684e-06
8.654581192446352132e-07
2.114073695008509068e-06
7.677718384961718057e-08
9.748925877235633673e-07
1.052044099467748442e-05
1.953061446802618031e-06
1.157787889412408570e-05
7.065698116288783581e-02
8.865613813748123960e-07
8.061965330353280793e-06
2.336958902628827384e-07
2.729728675491328909e-06
9.954357382474450814e-07
5.476282097130805124e-07
7.150921407266001839e-02
4.634505074895935902e-07
1.457824278614096366e-05
3.275035435924210130e-07
2.668302979434696040e-05
1.353826615193942113e-06
3.645313993866773052e-07
5.628670119587022338e-06
4.446130575644911124e-07
8.553703632408718533e-08
6.982295516620851128e-02
9.024257885944425167e-07
3.453802654976260148e-08
1.990794175901850648e-07
1.221349542003377115e-06
1.403417614184029648e-05
8.949142977749173903e-07
1.562518319230539216e-06
6.787879046373386706e-09
3.161261650566768118e-08
1.174637555766489828e-08
1.963633458315239761e-08
5.576402840726181003e-08
2.664860307536909639e-10
2.031442804254126393e-06
1.485696745541504150e-05
1.517640901322662441e-09
2.968449911429989966e-08
1.356944778940670594e-08
3.945839470120513609e-08
4.444240562679101563e-08
4.681649379800821927e-09
9.192108150484893083e-06
1.658778057084748638e-05
1.257264389609915450e-09
2.874629993838998437e-08
3.298977311662544861e-08
1.038134054405072867e-09
5.739891743475000987e-08
6.097438822342387419e-09
5.394734509690936552e-06
3.455232250860596340e-06
1.354271216999177515e-09
5.171915449720461860e-08
7.988667174155617970e-09
7.735612630083654077e-10
2.247933996143870746e-08
1.910950661913790735e-08
8.256514704717864696e-07
3.550535611429715844e-07
1.869360234072677763e-05
2.049065720906561949e-07
3.044525758781069598e-07
1.341626705475352338e-06
1.239536575187569686e-06
5.910096264289218939e-06
1.072493315048933700e-07
6.088426575500319030e-07
1.148511526529714186e-05
3.542919809314700757e-07
4.498191478338964886e-07
3.591009276523875677e-06
1.032615416408256843e-06
1.687575012448499855e-05
2.106579032351851283e-07
1.148953883368440014e-08
3.063582535706694006e-09
1.056907472656116076e-08
3.418326793308965906e-06
2.486592485014916563e-07
2.760175693179562651e-09
9.886938133059639266e-08
9.304363515038372037e-08
9.872404802867018579e-09
1.352567402725016574e-07
4.285940266561911415e-09
2.061166238200334712e-06
1.862571853419975697e-06
1.858977364313057720e-08
1.915584999656093847e-08
6.775677795847882167e-09
3.140097879884542368e-06
4.131247542825840311e-07
7.230907451665945229e-02
1.704669804800229355e-07
1.982743663020176938e-06
2.006244045966007318e-05
1.135025508382118086e-06
2.214946892684827005e-06
1.327200564648829976e-05
9.583537091529608986e-09
2.154306756588862101e-05
1.295479543965372702e-06
5.523979117942804126e-07
2.072161692989766672e-06
6.715341545411269579e-08
1.069244957324701476e-05
5.944637317766499133e-06
6.462074834628865543e-07
1.412856252428409033e-05
2.320789362703587103e-06
3.616049102005683812e-07
1.166511612420991209e-06
9.865494565376173587e-07
1.486443050528428241e-05
2.935949725176491157e-06
1.916537700126654351e-07
3.322875852483024150e-05
3.220494354346537033e-07
7.301848482569319874e-07
3.755979879412679534e-05
1.750978660669103230e-07
6.841577092908862304e-06
1.730781140845125929e-08
1.965064377827916093e-07
3.025985089465178245e-08
6.070892705394247124e-06
2.658251432720406634e-06
8.701938825363350951e-10
8.145548506251853195e-08
6.076529855753043082e-09
1.264354487785452487e-08
2.506219760010099856e-08
1.123082651101388577e-08
7.837494682514554776e-09
1.928295467497543708e-07
1.409347041927658583e-08
2.178542245797891076e-08
4.416905238986198191e-08
8.346010779560475813e-08
7.104020321950279939e-09
1.421491630455548708e-06
2.546958625860600800e-07
9.678459995744717346e-11
3.664883970352133864e-07
1.835377075052375032e-09
1.781421478187340448e-08
1.024648106440888562e-08
2.486716636625541543e-08
3.743768125707787871e-06
2.195212936029134129e-09
4.701177766585555891e-09
1.736616818370598857e-05
2.650015470703778209e-08
5.317823226776244324e-08
1.588727450241745083e-06
1.169952578824182485e-06
6.491659630602414621e-07
1.089344460695502455e-05
2.303530525930848266e-06
5.112051011047424529e-07
1.680057003571817124e-06
1.472777670214315802e-07
1.982158943851680683e-08
2.422948776303137664e-09
8.515346282512452273e-08
7.189987207174421135e-02
1.452091613461790507e-05
1.239623031113451072e-08
5.438486613188421565e-07
6.237482509633530850e-08
3.418164290785784022e-08
5.391483666368049161e-06
5.377392572033674765e-07
7.408963712897139390e-06
2.950381244112415558e-06
6.057744224099086287e-07
1.443884787061532745e-06
1.301987331523877047e-06
2.917280245424995204e-07
3.750633883645928180e-06
5.951948941626225731e-08
8.505858971343061565e-06
4.676371394837115905e-06
3.794022342684012094e-07
4.559274226661333692e-06
4.311742551481362608e-07
1.240023624900772396e-07
2.194889423639510279e-09
1.669998327653938390e-05
3.878097730301908617e-09
2.671698908772315586e-09
9.244447937652764769e-06
1.736082530545910528e-10
6.283941647560825675e-08
1.321109819199319096e-08
1.034302783653766049e-08
2.820188272087030870e-06
8.744843977767264282e-09
8.605862362150004771e-08
9.478243056969995090e-07
6.773611079290433297e-09
2.736308445267844940e-07
3.023927821513910225e-08
4.951223006378591448e-09
8.686267953912952451e-08
2.911270718196651635e-08
4.619440833599691606e-09
1.827283913946632635e-06
2.447902733863364997e-09
2.777428403661241974e-07
1.873733984062807106e-08
1.685264621229425862e-10
7.617964591978557406e-06
2.514555691503129284e-08
2.656457143665017496e-09
1.667914845286658766e-05
1.863271362688108045e-08
3.736232552650263208e-08
2.350065487187674139e-06
4.294694642402995812e-06
1.222526177365505865e-06
3.208557746699867652e-06
4.248444939243354598e-06
3.021950564598080818e-07
4.400739505905745574e-06
2.124829099100360238e-07
2.277184578940046214e-06
1.218898358966767687e-06
2.480044696114194659e-07
4.673654505832281301e-06
1.153576172128493522e-05
1.662401588500038383e-07
4.865959199690076462e-06
1.238370780094219671e-06
9.766765396389138286e-08
5.512663804609648741e-06
2.904306717161015451e-07
5.058888177997873378e-07
6.884400061008877358e-02
6.738802259693679756e-07
1.255024978526102463e-07
2.023508224386981357e-07
1.483734456663056309e-07
2.370557547478278492e-06
5.613136349249655258e-07
2.112915644620927966e-05
4.812132196928918544e-06
5.287528119667230960e-07
9.245137612399462716e-07
1.108685920141819395e-07
1.070815367138329432e-07
5.540381702056749081e-08
1.617726981088206587e-05
1.005985354605548260e-08
6.563661035617405351e-10
5.076209486239882794e-06
3.637322322583871528e-09
1.129876124286117749e-07
1.069037387902117981e-07
3.438918570451057442e-09
9.710415739126843868e-07
8.400270649012269820e-10
1.903192534281999732e-07
1.080061170325480887e-06
2.557634855158890274e-08
1.555264528074579774e-08
5.947161006300507623e-08
8.371674535273564365e-08
1.299306848400613366e-09
4.119600705301264559e-07
3.245410980575499387e-07
6.284370094265074006e-09
2.725344024865423568e-09
4.136775227236093347e-08
9.529010365310318700e-09
8.645602674103047148e-08
2.713166088498229159e-08
4.990517611542179594e-07
6.688051917162108060e-06
4.182802841399555668e-08
1.757778796821704367e-07
6.104678731079044272e-08
6.593150591646835711e-06
4.521987233497701978e-07
1.309599419520730440e-05
3.973683318658479823e-07
2.331541614770942293e-06
1.363112458566854400e-05
5.013463063976960703e-07
1.764816164951625427e-06
1.735653554319462746e-05
1.313284276381822671e-07
4.629408384966961816e-06
8.412244073820712673e-07
2.455860451572971907e-06
1.301623688770260967e-06
2.443371506378243467e-07
3.746770273690665917e-06
1.241571158599442555e-05
5.027197262895587984e-07
1.714714515250563251e-06
1.165919709439499301e-06
1.055702253367818952e-07
1.076559720888435315e-05
2.689337002902998846e-07
1.244655590632309427e-05
3.150932650624192174e-07
8.128623488308845635e-07
1.081491797076322768e-05
3.972381834773441489e-07
1.201950585660689395e-07
7.289404518919304077e-02
3.615215252723997578e-07
2.590557607948134250e-06
1.261330809040357244e-08
1.449050220007372230e-08
3.662752817697723650e-09
1.127310042319221301e-06
1.875554350206882596e-06
6.875043294789372795e-11
1.450115688759095674e-07
3.433886565525622325e-09
1.870056172697567408e-08
2.312832763545969984e-08
7.068796137570926231e-09
9.411522495727077606e-08
7.726969881897844121e-06
4.219670802737675021e-09
4.585540129139874425e-08
7.939158521628086388e-09
7.866190641166765699e-08
3.649815583330955115e-07
2.087045612133451373e-07
4.875722600797880891e-06
6.353822042029068652e-07
1.697769332819495271e-06
1.042445703057530486e-05
6.842580091961653046e-07
1.282799894756127795e-07
1.812590368610846807e-05
1.736370031687369814e-06
6.134023454644286513e-07
4.979888702935641543e-07
3.688203565025175003e-07
6.856798542288897680e-06
5.336276034623803915e-07
1.610962520097478990e-06
4.445388223279233897e-09
1.037325185314627016e-07
2.450379079602625749e-10
3.282550266746829434e-08
3.933454345889186937e-08
1.548032009708649264e-08
4.031337206268872314e-06
2.737637187611293257e-06
4.937228313910294967e-09
1.480123860831248880e-07
1.423685480439564810e-09
1.432656573485548390e-08
3.322244246472305147e-08
5.203228105511394660e-09
1.676865082331704536e-05
9.191476667920240484e-06
8.905393775637293816e-10
3.363744750757943602e-09
4.629777933362867660e-08
2.310025947839550822e-08
1.036301186220026671e-08
1.173831625813109908e-08
1.208865823355993154e-05
1.707135787799570557e-06
1.413667866494459397e-09
5.316384208269306193e-08
1.257606376606174486e-09
4.471441014652461091e-10
3.576611631810278133e-08
9.116760696296424204e-09
1.020116449944724898e-06
9.333076187764501939e-08
1.680578559423896593e-05
9.596237625341150223e-08
6.614403481216579300e-07
9.863637350602979946e-07
1.014251001906769255e-07
7.056227868657569124e-02
3.277381877625894630e-07
4.852098915603344400e-07
4.791736701430751243e-06
9.431499976915550873e-07
9.991922308954005190e-07
2.537447683531031967e-05
1.625881412733752122e-06
1.281901678270884217e-06
6.334314550529326627e-08
7.122242898757345786e-02
7.690382702610618879e-07
3.308931304158713053e-06
9.874548242023274716e-07
1.600845583145501900e-07
4.607248388706937398e-06
2.021171485756253435e-07
7.276814000219698764e-02
9.417083555111627687e-06
1.293855505711915330e-07
9.917881505992026016e-06
3.714020206601449998e-07
2.704358547571444942e-08
2.526451445289106131e-06
1.861779885313425159e-06
7.999337948311407238e-06
2.471857807796817412e-08
6.301686781400550406e-06
4.500694001691145253e-09
2.106726952633818926e-08
1.352762923556955847e-08
3.097095045825332504e-08
4.333056729606120488e-07
1.571113158876279088e-08
3.492179569984488976e-08
1.167904513151976804e-06
2.675051963124053784e-09
1.158480182760738011e-08
9.013675954226246687e-08
8.817707331538807858e-09
2.747655108206215098e-08
2.752288528348320744e-08
1.152724354750080808e-08
4.390883502124738141e-07
2.241656754522696118e-08
1.414295779577102863e-07
4.623424183786527443e-08
2.288575310227277101e-08
1.712314507419265588e-07
3.953459157194502321e-08
4.893719490468751605e-09
1.426542827430001960e-05
8.178179304016107215e-09
4.268768783778782183e-08
2.217541202499288900e-08
4.734613471878506740e-08
8.576825115618976666e-07
9.088726588379050475e-09
4.412816316780688054e-06
1.780405955593685800e-07
4.622019360091041529e-06
1.774600747747448321e-06
1.856865928547183048e-07
4.720383790465771146e-06
3.723398660224226044e-07
4.487575907228715819e-06
7.195214214462410107e-02
1.281537500808917533e-06
2.583089141283907853e-06
4.573983017460676628e-07
3.373580505777920686e-08
3.563793867402916172e-06
2.704533258696259969e-07
7.157428446946723088e-02
