 
18 03 15 16:34:44
1.0 2.0 3.0 5.0
5.0 3.0 2.0 6.0
3.0 6.0 1.0 7.0
3.0 0.0 4.0 4.0
 
0.491975124015 0.793612192412 0.157469943186 0.32147065558 0.0 6.00279840137 4.95478567765 4.55509137917 7.086950862 2.0
0.573802497118 0.595628340723 0.356485983336 0.434620889644 0.0 4.56789644758 3.23815298567 4.52991387396 4.97264082783 1.0
0.0725663387403 0.387323215476 0.918817401586 0.0221231954636 0.0 5.82182415528 8.47425719817 9.55050960188 5.68627130657 3.0
0.861765237818 0.29699334424 0.362113103663 0.195012124038 0.0 6.27522503571 4.86556397853 7.67099533804 4.79562235607 3.0
0.435112606336 0.512916664177 0.340192354476 0.657162595841 0.0 5.38818595343 3.09407359959 3.11336247019 6.40666409873 1.0
0.450687935323 0.571513079944 0.513747846436 0.454220579333 0.0 5.55732623999 4.42567074684 5.05104001977 6.04371880396 1.0
0.626203230092 0.638038045082 0.441928755489 0.0739996129895 0.0 6.39881519222 5.87877584817 7.15392408974 6.14903190526 1.0
0.135708252523 0.250886828517 0.819874519604 0.496432111751 0.0 2.88695535447 6.223078373 7.62761791513 3.06960196727 0.0
0.585272654533 0.614611137307 0.082111703434 0.522462188022 0.0 4.23211355868 3.91049694528 4.89448393085 5.04367120616 1.0
0.60522453869 0.511663673484 0.575104894096 0.202874108232 0.0 6.49264640669 5.53531411427 7.24610849301 5.83030303284 1.0
0.197883863871 0.654130380991 0.144511782462 0.71559189893 0.0 3.48716325133 4.1529503499 2.55726158076 6.01376357148 2.0
0.0929741951698 0.719801315687 0.204043574172 0.656968861367 0.0 3.51428449012 5.03784104551 3.4449357589 6.21483499131 2.0
0.332441005833 0.839403361022 0.078604848447 0.422736623617 0.0 5.83824215221 5.31880735953 3.69066272931 7.62422241963 2.0
0.722048642344 0.426448075337 0.157750507264 0.521442781701 0.0 5.51680300266 2.13355050217 4.71796936112 5.35438450059 1.0
0.138019946405 0.00760326910615 0.642170552178 0.753995800127 0.0 3.40909777385 6.50218554168 8.01205770108 3.55782454099 0.0
0.163564547958 0.941871125596 0.00356963596233 0.293449619387 0.0 5.76425951306 6.72303112236 5.67046348264 7.60077291628 2.0
0.539590601889 0.409072774034 0.640645629225 0.362042298153 0.0 6.19046793331 5.19896995528 7.11828955431 5.4228648851 1.0
0.676998628157 0.476146276105 0.0417284860484 0.559657318969 0.0 4.28016979866 4.60699108112 6.09005324574 4.61816748967 0.0
0.421734105375 0.109922919853 0.631611590924 0.641189593073 0.0 5.15802239556 4.94660647432 7.47211590733 3.99772774035 3.0
0.650144088878 0.195163614962 0.549359977179 0.487265269197 0.0 4.23840453221 3.52753267217 6.70516890004 2.3569846086 3.0
0.146947621402 0.270551212491 0.428645468552 0.849394784699 0.0 1.59502914581 5.04602022014 6.13168329368 3.29444625742 0.0
0.103824207398 0.692927669582 0.0612743599096 0.710856688442 0.0 4.6024301408 5.19237264103 2.46100635297 7.31897360137 2.0
0.692732302935 0.0463320535614 0.697418216393 0.177716427847 0.0 6.67032438816 6.46553745827 9.57998502682 4.09392721681 3.0
0.816443348998 0.250802627344 0.215724946461 0.47326635996 0.0 4.6355441848 3.91807706016 6.56819539226 3.73694002149 3.0
0.427214478034 0.22567153841 0.861764851912 0.154665725093 0.0 4.59097970722 6.79015460681 8.61924865339 3.74948383288 3.0
0.0431015773203 0.560608451941 0.558381660875 0.609975686765 0.0 5.00486614545 6.6077093707 5.50082418216 7.0528656841 0.0
0.0985268305745 0.03346372265 0.557318224255 0.82375302114 0.0 2.58259892322 5.56243958475 7.02254332867 3.28284926534 0.0
0.325528823197 0.634124855585 0.477370151061 0.513842769409 0.0 3.99673604818 6.34438025473 7.36555109482 4.63971040426 0.0
0.206951345753 0.0728394660417 0.62769661454 0.746901943211 0.0 2.69231406007 5.10362812933 6.94674122744 2.62320790546 3.0
0.166772914279 0.745370561566 0.375027910264 0.52532236535 0.0 3.49378588875 5.03902217086 4.21135442874 5.69719398678 0.0
0.470344775417 0.450558568885 0.356506980628 0.669832472344 0.0 5.06575287627 2.50165093782 3.51592938312 5.76991968394 1.0
0.125817499309 0.145428806551 0.663897236571 0.722676191919 0.0 3.02328047499 5.66035921774 6.99114310488 3.58000336823 0.0
0.707209453059 0.188906216877 0.679382588873 0.0510737571024 0.0 7.48830758198 7.03006176803 9.80570107663 5.38996332505 3.0
0.127401806332 0.157063855654 0.817068294525 0.539906591062 0.0 3.13980625032 6.27411120394 7.82442756622 2.96409341944 3.0
0.407952648255 0.473988218038 0.64141863076 0.444400659379 0.0 3.62092928017 4.37171311453 5.82215533824 3.75824702406 0.0
0.10549361411 0.0660486038481 0.964489679738 0.232955654559 0.0 4.90384246259 7.87725965374 9.60378075016 4.00644723544 3.0
0.84558737959 0.411579697462 0.338533007492 0.0312975870313 0.0 6.54808699054 5.82780436134 8.03626608781 5.48410601069 3.0
0.464058589301 0.442273919462 0.727462867372 0.244624574512 0.0 5.50497220004 5.8736009689 7.54497457915 4.83460792008 3.0
0.427166183541 0.334732476234 0.676795329105 0.497424671177 0.0 2.96753185675 4.31108034982 6.32334035481 2.4244579355 3.0
0.405096652725 0.577742493415 0.695018695624 0.138055517765 0.0 6.71343595255 7.03343796897 7.97768989622 6.56684264275 3.0
0.107041586733 0.711532021815 0.0410824502724 0.693236260536 0.0 4.43865018399 5.18974258468 2.83989817189 7.10939294886 2.0
0.180281533681 0.799802037249 0.148680548919 0.552909906042 0.0 3.86129009561 5.8454579032 5.93251189633 5.50863149207 0.0
0.635625884084 0.207521256042 0.19636558177 0.71718562595 0.0 5.29971517521 1.55385074789 5.07802505908 4.885251224 1.0
0.755599395594 0.625318287379 0.168980096391 0.0974285372524 0.0 6.45800328301 5.54740851479 6.92876886576 6.28013969938 1.0
0.0495818036904 0.666586135367 0.479495960572 0.568584376038 0.0 4.800967605 6.2911528253 4.69636128323 7.11801448101 2.0
0.615575721199 0.607162999225 0.214130596733 0.454497207236 0.0 7.01661961934 3.86571030296 4.30737201062 7.47747569685 1.0
0.191964432865 0.358040190182 0.628792134531 0.663006282233 0.0 4.26017665045 5.43656983037 5.98533962826 5.25354754432 0.0
0.0690867997614 0.817318822261 0.486705761823 0.300556913552 0.0 4.23748715024 6.55221496946 6.35837043988 5.86775359915 0.0
0.23440491154 0.600509468739 0.758275022778 0.0972712970635 0.0 4.82805054472 6.96537289853 7.87504310891 5.10931743693 0.0
0.660922133582 0.309133472279 0.606055396404 0.31672588487 0.0 6.1982374426 4.88675559296 7.58931782084 4.68521831588 3.0
0.393970207374 0.467390673365 0.554910068244 0.564276749756 0.0 6.78409397993 5.56040846215 6.0577089284 7.19979352226 1.0
0.209503485982 0.547552755656 0.594669084337 0.550148115755 0.0 4.97121285931 5.6668674079 5.37085996747 6.30168421781 0.0
0.579226342415 0.0551447252262 0.681939188499 0.443187146385 0.0 5.79218217141 5.36611001119 8.52932076882 3.40111310043 3.0
0.804962393573 0.56824359154 0.13110801855 0.109295256438 0.0 5.76384710614 5.87816219938 7.40947087326 5.54928642568 3.0
0.297785317877 0.384275533907 0.611849951442 0.62393577828 0.0 2.85557184512 4.08025757568 5.30494753575 3.6392657635 0.0
0.328064785503 0.522532676801 0.502807044589 0.605407444701 0.0 2.18582223336 3.69681684734 4.58249471259 3.66094775079 0.0
0.225616836269 0.365266835716 0.800631597818 0.417930887221 0.0 3.73820372642 5.95934309588 7.24783216291 3.79493803396 0.0
0.477659211521 0.416232283433 0.605531280591 0.481585124463 0.0 3.40624476977 3.78068607497 5.72788165856 3.15956317514 3.0
0.582880432577 0.0729460946877 0.539556857692 0.603164708771 0.0 6.52284252659 4.79735856198 7.9706797887 4.83927918693 1.0
0.427496766784 0.106132257615 0.600574536951 0.667302542966 0.0 4.86037551897 4.5699903031 7.16257795943 3.75210605258 3.0
0.194271222369 0.245224836519 0.916079109112 0.250843651629 0.0 4.91940088912 7.34444569173 8.92336668467 4.23117107765 3.0
0.134894742926 0.734312458689 0.319270678464 0.583656453077 0.0 3.51780843375 6.01585298419 6.41971054119 5.00137470017 0.0
0.169530896904 0.0726927656252 0.569150800781 0.801275484956 0.0 2.48221277379 5.06240917142 6.69862859867 2.96124631513 0.0
0.876691834854 0.370735465282 0.229766384389 0.202913898213 0.0 5.54357816957 5.22841939495 7.41601669954 4.73008625316 3.0
0.235477445797 0.639384399615 0.248059637084 0.688624991196 0.0 3.86934910171 3.89117333222 1.90280604594 6.2030418366 2.0
0.643829688811 0.367077913177 0.327180393534 0.586250908358 0.0 3.89811569449 1.79330494187 4.81143723152 3.58813328967 1.0
0.242340185758 0.215385865833 0.944645483019 0.0502501201771 0.0 6.1404341149 8.27299708676 10.010092727 5.07774765537 3.0
0.0461669153327 0.731559166747 0.162551237301 0.660505031569 0.0 3.42149969362 5.40392448435 4.24461744908 6.06937271303 0.0
0.00115342061095 0.11951768317 0.737205117072 0.665013389635 0.0 3.2669146467 6.6962161515 7.82824298676 3.91316747193 0.0
0.00315380105089 0.430413813292 0.819788651996 0.37773081543 0.0 3.77627661122 7.01762898606 7.67044528777 4.67380334214 0.0
0.26193802274 0.530137356822 0.566827452417 0.573628359071 0.0 3.78033931407 4.53891451834 4.70850959186 5.11126654401 0.0
0.465624892996 0.430269186644 0.718231380962 0.286715136414 0.0 5.18138727393 5.53701019251 7.27078140751 4.52008168906 3.0
0.627148569087 0.260798057665 0.690961510046 0.24746966894 0.0 5.73714655878 5.46750140286 8.1152600301 3.96077458043 3.0
0.237419494472 0.0468228715571 0.759480253564 0.603845465985 0.0 2.83996094679 5.6696437623 7.71418617159 1.75882661292 3.0
0.500165591526 0.774737497625 0.318313714818 0.219755704786 0.0 5.83701748204 5.35050856095 5.57810468381 6.5481607572 1.0
0.603831191074 0.457477298295 0.639051488884 0.133099995437 0.0 7.73655569977 6.81053850141 8.62383433939 6.74525818616 3.0
0.590279244801 0.198692124532 0.592872077991 0.510484624593 0.0 6.69081292627 4.94960418904 7.77017800365 5.23997164096 1.0
0.365470071857 0.687352737743 0.604834225014 0.16778975161 0.0 6.47793058782 6.76454197325 7.10384251442 6.90876709074 0.0
0.617801150258 0.285151469297 0.564979061285 0.466700159211 0.0 6.92100621806 4.8188792369 7.41371432877 5.72333715068 1.0
0.47269683047 0.448654635742 0.520880134845 0.551317158644 0.0 5.64844754694 4.01395820452 5.27959995375 5.79022689988 1.0
0.537096909272 0.616918604812 0.107377009173 0.565162386388 0.0 6.96800354273 3.7943410071 2.98535288496 7.98754608318 2.0
0.272833123374 0.282896737636 0.504127247646 0.769017061453 0.0 1.65800234529 3.55533941881 4.99409242399 3.01909773624 0.0
0.482485638875 0.187318197443 0.475637273693 0.71125852196 0.0 3.03516086687 2.63560788404 5.53151848227 2.36518967558 3.0
0.715712743029 0.145591449569 0.581622443003 0.358153225692 0.0 4.30455835925 5.09640507069 7.68283927228 2.65254509635 3.0
0.56308363546 0.345205365045 0.547008620414 0.514345841447 0.0 4.25504038885 3.1125880077 5.72485093866 3.48943589521 1.0
0.844673495562 0.463930859406 0.156494306287 0.216343189598 0.0 5.33897579925 5.63604051455 7.39582760967 4.97976843039 3.0
0.411718133183 0.0924389492509 0.492931566809 0.760895321258 0.0 2.30763937575 4.53040414035 6.65345101296 1.91559199627 3.0
0.243189891637 0.477073138357 0.647505791913 0.542214115183 0.0 4.34414544328 5.29516113809 5.73658181095 5.27597219247 0.0
0.908476017052 0.408843921783 0.0399774389375 0.0769400964314 0.0 7.96206237485 5.99770881019 8.08954459079 7.11833328114 1.0
0.012236650753 0.620092258916 0.242161921386 0.746118930628 0.0 3.28628711731 5.24264371049 3.45743602499 6.29677918038 0.0
0.485082532922 0.696382985019 0.461862860339 0.25773702231 0.0 6.80288257312 5.77821648982 6.03129913653 7.25123623288 1.0
0.459241756743 0.31710658276 0.622726696992 0.548408501837 0.0 4.51506592294 4.01791342018 6.15843625795 3.9521811677 3.0
0.63684255708 0.410234786948 0.291230383298 0.584229270847 0.0 3.65210539746 2.27536874302 4.78096590894 3.63463393344 1.0
0.344351461262 0.926190270333 0.041127502842 0.147993860603 0.0 6.1378501348 6.65232059121 6.27323144747 7.39277837226 0.0
0.509528735724 0.791240777715 0.193995785518 0.276919003236 0.0 6.59764985582 5.31010945838 4.93477638117 7.52990960479 2.0
0.161820255005 0.050288230396 0.281886726014 0.94436495734 0.0 2.65637052922 4.72332081634 6.01662402331 3.92888837914 0.0
0.570454010719 0.425561628775 0.366087881647 0.599549151179 0.0 6.7722002689 3.5334573178 4.99000737343 6.82298470336 1.0
0.670764715529 0.711690182682 0.0395232538134 0.204962661682 0.0 6.73973047101 5.30048526218 5.91605715972 7.14553859011 1.0
0.561285764324 0.514817811416 0.322024258069 0.562335566215 0.0 6.67723847755 3.4888806894 4.27708369544 7.06377356577 1.0
0.385822369579 0.77387571325 0.167966904783 0.473333496039 0.0 3.99025520474 5.0492045925 5.33903410518 5.32990967476 0.0
0.582433741995 0.573747375108 0.249034656119 0.519198060276 0.0 7.61721885516 4.28462194798 4.46235703718 8.12214527971 1.0
0.0577160302278 0.584272500429 0.653894302131 0.477196758935 0.0 3.66088219012 6.18855930778 6.01512683197 5.41036133594 0.0
0.61573713639 0.628859871442 0.347443691552 0.323552039338 0.0 6.33433025901 4.32888151378 5.30455336457 6.49361225349 1.0
0.480501614967 0.365450862897 0.0943067427691 0.791624976293 0.0 3.18276836048 2.65479918401 4.17422411334 4.25336617318 1.0
0.36182526232 0.75174300014 0.467471293048 0.292293570683 0.0 5.89328042899 5.77662758719 5.47722235704 6.89885486049 2.0
0.668587775773 0.158749865485 0.268872222219 0.674904878049 0.0 4.35290107482 1.9415667777 5.6406138449 3.3825550823 1.0
0.976183331913 0.0703222227438 0.0236678426672 0.203864466512 0.0 6.91681672572 5.80724721259 8.55445665017 5.52779189161 3.0
0.681950503233 0.180702404152 0.669923843855 0.231283799063 0.0 5.67396607325 5.48458693278 8.36782473083 3.54101475624 3.0
0.48218003328 0.619462629005 0.287346318018 0.548817419816 0.0 4.99300317535 2.95602544639 2.94700773549 6.05777857107 2.0
0.145557806763 0.112256650139 0.725443818657 0.663281716439 0.0 2.25744553049 5.79200915193 7.39718412015 2.40052284722 0.0
0.0394183627223 0.804686155444 0.286594647239 0.518449507755 0.0 3.66163635103 5.88776640504 5.11141127384 5.97388910535 0.0
0.360511230334 0.587176728196 0.0974226400066 0.718167091896 0.0 5.20650414281 3.35345484156 0.600397697424 7.05144755556 2.0
0.0787322487691 0.658586738181 0.723758685932 0.190363089473 0.0 6.69010122074 8.44250453764 8.21672227845 7.66988675007 0.0
0.693158670981 0.109531566034 0.452588010033 0.550179957887 0.0 5.95881189518 3.57956966874 7.23901810128 4.09836838521 1.0
0.122034993279 0.593851149631 0.793585324073 0.051677905455 0.0 6.64858895347 8.56831291168 8.99313042138 7.04533963608 0.0
0.589280820847 0.641859766125 0.0736887487845 0.485112485012 0.0 6.07179772662 3.44466654768 3.53336754177 6.9249698721 1.0
0.788115702647 0.292524702061 0.540922237073 0.0265720034238 0.0 5.98031688625 6.11724620799 8.49833877548 4.54256680674 3.0
0.757723054483 0.116465356655 0.390410619998 0.509775579248 0.0 5.33598601935 3.22207716664 6.95647671982 3.40134648785 1.0
0.185163117293 0.60328887336 0.765309069232 0.126724835079 0.0 4.51184488579 7.036067212 7.99142066294 4.89859903549 0.0
0.380867789592 0.899714916149 0.180629878658 0.11325035738 0.0 6.33433958897 6.58414225535 6.25537431014 7.43038095317 2.0
0.0769028653317 0.0380692324822 0.994341478413 0.0626235351147 0.0 5.4862810009 8.43627685753 10.11107493 4.65207520562 3.0
0.468679855174 0.666558026736 0.040275571024 0.578288395808 0.0 4.5745267876 3.51687281614 3.27583116429 6.0112283738 2.0
0.0276159683098 0.801825887821 0.148421995895 0.578172565113 0.0 5.01474304742 6.16317370822 3.61591612703 7.7340718169 2.0
0.42463513663 0.333242998694 0.647178976699 0.538324694473 0.0 4.00401484615 4.1204614609 6.10257427495 3.5871143947 3.0
0.769746350316 0.455308839465 0.257961239009 0.365568620164 0.0 4.66636004935 4.23164700744 6.29370952707 4.26751727892 1.0
0.41497530566 0.655969265379 0.059277274951 0.627683059549 0.0 4.91403210707 3.3602979969 1.99487134647 6.6012056196 2.0
0.105372880377 0.245031407652 0.675927160715 0.687007015068 0.0 1.97981404381 5.38363095558 6.49092507084 3.19029219316 0.0
0.409740928393 0.542496598539 0.612632048656 0.403102697998 0.0 6.78552669523 6.03361310584 6.62243467632 7.02215386478 1.0
0.475941993559 0.308328606028 0.745890346252 0.349371265046 0.0 4.04983452731 5.14700932795 7.30074838983 2.8916629836 3.0
0.921441281679 0.12419358587 0.135378688733 0.342336863753 0.0 6.25223769334 4.59949044375 7.66835888669 4.77550313789 1.0
0.656324997418 0.418222277121 0.607398394171 0.159357508273 0.0 5.1303100209 5.41333545376 7.519715935 4.11330556108 3.0
0.502156724094 0.0613806889417 0.449914208559 0.73596755391 0.0 3.08484341161 3.23056483638 6.257987314 1.70368708645 3.0
0.527314363065 0.609716959579 0.305503646886 0.50680599192 0.0 6.67239546883 3.98155793729 3.94687426737 7.38259851839 2.0
0.075628960353 0.575350833704 0.671752958434 0.460434187856 0.0 3.65849955761 6.16266360698 6.13935951901 5.26202296904 0.0
0.615401234911 0.556715470896 0.230277907913 0.508253174769 0.0 5.46751252435 2.49588472474 3.80306370006 5.89507945385 1.0
0.3992509521 0.850824884446 0.337168915353 0.0548891225497 0.0 5.6277368884 6.5717435298 6.94467455495 6.35643215431 0.0
0.597000148581 0.421879298769 0.270664375216 0.62637806144 0.0 3.9512355228 1.23688733226 3.98796059771 4.20679272584 1.0
0.136382226684 0.407594357473 0.841873052389 0.326368643809 0.0 3.59633315881 6.57999339256 7.72605415325 3.90113736944 0.0
0.438181373856 0.616672213818 0.00142582773247 0.65399574259 0.0 6.11832383563 3.69088978501 1.72462902871 7.68641700699 2.0
0.554933177024 0.457509763589 0.662041451963 0.210796349923 0.0 4.41718788012 5.50663200891 7.30562818612 3.80668658102 3.0
0.207087321377 0.716974700886 0.265205508714 0.610514666295 0.0 4.52789045922 4.67423877309 2.40579495493 6.8410741694 2.0
0.179460584935 0.183802169098 0.87186834042 0.416960739234 0.0 3.71142924612 6.53667058277 8.20243764389 3.12009594782 3.0
0.349977238715 0.260573923358 0.539158803584 0.72036445454 0.0 3.60552946489 3.64671699817 5.41697145402 3.87879431338 0.0
0.296507820299 0.883297358687 0.357166444892 0.0655821567334 0.0 5.77815551585 6.86281507064 6.85262708054 6.77858010861 0.0
0.674329207816 0.571712372273 0.428484563659 0.186617420362 0.0 7.92162310397 5.91635152837 7.30891165382 7.44878036694 1.0
0.279520609206 0.908507121955 0.290568769062 0.109785376223 0.0 6.0915405997 6.86830188325 6.43044488909 7.32513685127 0.0
0.688926146239 0.584639345636 0.376721879384 0.204103469241 0.0 4.7885813479 5.72652334382 7.22347673365 4.68033838864 3.0
0.359662701287 0.511774325698 0.548448766823 0.55491776961 0.0 6.81873667891 5.8025854299 5.87958072277 7.48921083214 1.0
0.716446640777 0.544774430361 0.405806964386 0.158889076402 0.0 4.94695713943 6.05875008925 7.61812048912 4.7143572205 3.0
0.397202717084 0.07575453265 0.634028000472 0.659165947954 0.0 4.3986392768 4.75081445747 7.33236368051 3.11929696306 3.0
0.506130477745 0.860161745968 0.0523692804561 0.0348018495943 0.0 7.2064184976 6.85289706084 6.80768668318 7.97236553198 2.0
0.0483745132985 0.674582703283 0.736345260782 0.0198428782592 0.0 7.51138712379 9.41304486043 9.33385232529 8.26894060953 0.0
0.65322577939 0.0574260732753 0.267066097501 0.70616855411 0.0 3.80862529644 3.18269183456 6.31913881262 2.64129268135 3.0
0.343512535443 0.727947146459 0.268445267897 0.52917787945 0.0 5.37586299163 4.39746857912 2.68133315602 7.09356519708 2.0
0.0829223284857 0.16449422426 0.877520923886 0.442744357124 0.0 3.36975486383 6.76144247771 8.23592690999 3.24537058612 3.0
0.184380815273 0.328292252999 0.642432259529 0.667464383691 0.0 2.05253587253 4.73803652573 5.79620359849 3.31975786535 0.0
0.493361944089 0.730969136548 0.221829909625 0.416016351524 0.0 5.79477155529 4.20151322418 3.74821040654 6.88043130347 2.0
0.108919314938 0.0155948531835 0.0431032707193 0.992993198084 0.0 3.6191406218 5.47732416474 6.39857862598 4.99560113906 0.0
0.0787643137225 0.713258715214 0.676517531397 0.165475731658 0.0 6.3547489671 8.13608579476 7.81452769099 7.47289753439 0.0
0.628731521258 0.441044474087 0.183083353799 0.613723823569 0.0 3.82624098037 2.33659258281 4.47045635456 4.16666586257 1.0
0.169156200398 0.528019981615 0.581658030814 0.595193257751 0.0 3.24603166489 4.96519121681 4.90559782713 5.00729092101 0.0
0.275728502992 0.5247604071 0.795203907602 0.127479618421 0.0 4.59948283312 6.76963349472 7.93773979315 4.61844198738 0.0
0.349025704709 0.0330617508837 0.890471983194 0.29008210084 0.0 4.29427915669 6.75711381522 8.82721227998 2.97813566419 3.0
0.288379584246 0.720199137481 0.59460355122 0.211180100006 0.0 5.96113675148 6.66956661362 6.67071994019 6.7771577056 0.0
0.500950450175 0.602452781943 0.613357966808 0.0994549976192 0.0 8.03656030618 7.45440082018 8.39252427614 7.74891763585 1.0
0.588577977529 0.603266260692 0.288025024899 0.45462882455 0.0 4.66896439318 3.04946004091 4.25998488791 5.17483443552 1.0
0.277441713847 0.931887050086 0.22470657472 0.0641839277147 0.0 6.83810293001 7.36060908633 6.68415541471 8.09919665533 2.0
0.0983368982583 0.497258287411 0.656279846662 0.55889248779 0.0 3.76180012698 5.91481073686 5.88174459425 5.35356241637 0.0
0.548372801556 0.110826229651 0.817015423433 0.139608793444 0.0 5.06251707218 6.57940529534 8.92494924754 3.32891686783 3.0
0.523978265073 0.516037548211 0.371854014532 0.566459723585 0.0 5.77944101992 3.10064617881 4.00762762759 6.25664542708 1.0
0.609477152852 0.751199600361 0.231061962254 0.10414955674 0.0 7.33140835073 6.10463496362 6.55784854966 7.64076183014 1.0
0.451227786417 0.482516831748 0.743481836368 0.103950713495 0.0 6.27577619611 6.83887391397 8.32782936448 5.63177483083 3.0
0.135143978348 0.753647736587 0.636797215986 0.0907771995968 0.0 6.16719105006 7.8247059832 7.70886836318 7.13718968846 0.0
0.0883962939903 0.550339899098 0.0794732767354 0.826435774246 0.0 2.86280686063 5.09038853101 4.86392791775 5.26196351853 0.0
0.496136703457 0.547028646202 0.66522408168 0.109931582677 0.0 4.86477132713 6.89757028255 8.24934582132 4.80845353717 3.0
0.576308865998 0.294005594179 0.366556523576 0.668629281881 0.0 4.72551786569 1.57908392652 4.78525497665 4.40095820461 1.0
0.315775297528 0.763387153411 0.29583486514 0.479591230159 0.0 4.95910057126 4.65641682458 3.32891100949 6.71561705909 2.0
0.859722786921 0.218687737243 0.262355229905 0.379765897059 0.0 4.87137073032 4.77885594997 7.26854938499 3.8283956075 3.0
0.376137670609 0.644219785371 0.416072666535 0.519985439265 0.0 5.75411412293 4.57958473337 3.88571479057 6.96443781437 2.0
0.624515966307 0.0504271056457 0.127089667754 0.768950668895 0.0 5.02510672825 2.77854231113 6.01887382444 4.34911887084 1.0
0.546026444528 0.809468217247 0.200590965067 0.079872347386 0.0 7.44773170075 6.53477955016 6.59482294067 8.01384958416 1.0
0.330204212697 0.299900844174 0.394988057048 0.803124583343 0.0 1.27565850007 3.14406602628 4.72772921631 2.86497206717 0.0
0.183877206743 0.865364763436 0.0385605549362 0.464592383329 0.0 5.00758861219 5.77407088724 4.39627160725 7.11856551337 2.0
0.348419952884 0.328563813563 0.235842795433 0.84559300653 0.0 2.71026924028 2.39508437287 3.55381547395 4.27719291971 1.0
0.0906962346793 0.905189547643 0.0021495274336 0.415212542422 0.0 5.78516006623 6.6532295192 4.77836826615 8.0540881987 2.0
0.185114156416 0.0677210770762 0.70783522203 0.678318437953 0.0 2.6361760695 5.53684834031 7.38293097237 2.26192425653 3.0
0.399972733219 0.0364628831339 0.68359767548 0.609414874214 0.0 3.06641796772 4.82218652889 7.3896483262 0.745551687446 3.0
0.734679494373 0.113994490524 0.553978634693 0.374645124059 0.0 6.52034905941 4.86451175186 8.31583925649 4.22951703504 3.0
0.32398010202 0.606329542718 0.446639165488 0.572638485411 0.0 2.68574255039 3.816391092 4.22897392429 4.31608214303 0.0
0.703632819559 0.47026683687 0.320098184342 0.425778240121 0.0 6.048982915 3.0285491181 5.30673938267 5.65183992367 1.0
0.692088457674 0.369005281045 0.617528787659 0.0592187953886 0.0 7.48964625955 6.6655084206 8.97475195631 6.02501287482 3.0
0.281162055402 0.740510180216 0.531794425234 0.299645225039 0.0 5.95860066516 6.32528498271 5.86170591102 7.09407291979 2.0
0.0768203585199 0.231262113226 0.201921444735 0.948601179453 0.0 2.12250378168 5.0443019346 5.68923680158 4.24883935009 0.0
0.719970238859 0.14564295184 0.332968693525 0.591238390895 0.0 5.47476199151 2.52682500462 6.37747926061 4.01087479027 1.0
0.652687044519 0.524308299678 0.406478792951 0.365889901045 0.0 5.99534383589 3.76961740606 5.5721525089 5.70022661216 1.0
0.4556393271 0.38019589924 0.721244071964 0.357282619864 0.0 4.20099722122 5.01525630634 6.9401918352 3.45685042588 3.0
0.579795548159 0.595968010138 0.555151289544 0.0215939562298 0.0 8.25814499276 7.45172490027 8.63895965681 7.75660656425 1.0
0.661072482746 0.326596734545 0.647656700743 0.191985789899 0.0 4.63227310284 5.72424033083 7.82838410269 3.5867871353 3.0
0.780196925872 0.489713081155 0.0690367893131 0.383024511913 0.0 6.61900125339 3.65326764361 5.53452161802 6.43099184972 1.0
0.392912736105 0.50513272436 0.701852082281 0.312832490616 0.0 4.74460527006 5.48851236019 6.75259799054 4.67339596056 3.0
 
 
18 03 15 16:35:14
1.0 2.0
5.0 3.0
3.0 6.0
3.0 0.0
 
0.74899456498 0.662576140252 0.0 2.3466200235 1.81227644453 3.17881852176 2.83401261982 1.0
0.610126243342 0.792304213788 0.0 1.27121705067 2.94723799023 3.4409301784 2.84387122731 0.0
0.767702147353 0.640806845273 0.0 1.29097793701 2.92315105779 4.15188323795 2.03813446686 0.0
0.660704645179 0.750645969708 0.0 5.28110716839 2.56597346705 1.94672724983 5.87849764116 2.0
0.668844375094 0.743402449488 0.0 6.02814081014 3.09549914741 2.45482458494 6.53990782893 2.0
0.230796226304 0.973002107872 0.0 2.53034527067 4.21300675434 2.42306941851 4.92161575633 2.0
0.410704174125 0.911768655612 0.0 1.44217151106 3.50869125588 3.04125048828 3.66642323401 0.0
0.423345731389 0.90596820679 0.0 2.06765853176 3.30301718885 2.4103246005 4.07189816607 0.0
0.646296097325 0.763086728087 0.0 2.56617579516 2.05487834355 2.42629170437 3.57395823258 1.0
0.999532489972 0.0305745235653 0.0 5.63083493236 3.10688826055 6.69503093034 3.33888656385 1.0
0.990030783081 0.140851157442 0.0 2.06081215505 3.89760232783 5.74879573435 0.877190473633 3.0
0.868798768164 0.495165326367 0.0 4.78264999526 0.661114034576 3.83446068284 4.14641726283 1.0
0.596067270596 0.802934498527 0.0 6.49904117612 3.98099433302 2.38836359355 7.30942355804 2.0
0.284267982572 0.958744863916 0.0 0.405774193932 4.51688587543 4.66411911888 3.13121219049 0.0
0.631009933454 0.775774750738 0.0 6.71492581489 3.93528491255 2.75081191339 7.36425095929 2.0
0.181881513931 0.983320453815 0.0 4.06945764369 4.94436933971 1.8789098002 6.35151423904 2.0
0.943340793445 0.331825477356 0.0 5.56795411987 1.70637823166 5.12889990693 4.24188245318 1.0
0.694132963634 0.719846809256 0.0 5.04604852892 2.13691967841 2.13534738744 5.49513611535 2.0
0.760060628875 0.649852168138 0.0 1.55299096064 2.59183963073 3.8527714662 2.22187956848 0.0
0.628966116502 0.777432713675 0.0 1.7961645614 5.40755237576 6.26641584515 2.73775563053 0.0
0.885115833825 0.465370777673 0.0 3.47514384567 0.850932808193 3.93608385451 2.76044737068 1.0
0.178972146792 0.983854140954 0.0 4.02904107196 4.94015992809 1.90367640346 6.32128143883 2.0
0.566921566335 0.823771775205 0.0 2.33468596305 2.54000281605 2.31045696518 3.75543758474 2.0
0.9141413682 0.405395558615 0.0 5.75729940981 1.677008984 4.77005324029 4.72056434556 1.0
0.844120669106 0.536153239277 0.0 5.41453267062 1.38587691172 3.75108284439 4.94359326526 1.0
0.989922882804 0.14160750722 0.0 5.29218125488 2.42020292105 6.02088240367 3.29354917305 1.0
0.600401023237 0.799699075463 0.0 2.31619004866 2.38216113466 2.43630521847 3.59679723584 0.0
0.99941614697 0.0341667261424 0.0 6.19619160272 3.37593840119 6.98097750293 3.94730049374 1.0
0.8858173099 0.464034151202 0.0 4.05778330467 0.375908292625 3.9286100039 3.30522511744 1.0
0.440267102838 0.897866848791 0.0 5.08497829701 3.99063183588 0.615148763153 6.57702538473 2.0
0.982262727976 0.18750982169 0.0 2.29945608861 3.33133455838 5.47682530272 0.577389751675 3.0
0.160528667982 0.987031178209 0.0 0.715970852417 4.83879680182 4.95288363547 3.27117565088 0.0
0.816512442153 0.577327837376 0.0 6.42308716592 2.53039702779 3.96973921361 6.10806960428 1.0
0.628043043239 0.778178601505 0.0 4.90674760044 2.56221898088 1.52328322806 5.68512934591 2.0
0.7912128844 0.611540817575 0.0 2.63701706195 1.49081677041 3.31208010254 2.78282971963 1.0
0.912187819372 0.409772354107 0.0 6.02538300298 1.92544938269 4.87224839941 5.0054477696 1.0
0.93962874628 0.342195586125 0.0 4.66411690078 1.14855759281 4.75376516874 3.36892542535 1.0
0.585987658179 0.81031997659 0.0 6.2581692382 3.85099223423 2.13128547157 7.12397412771 2.0
0.284660681906 0.958628341004 0.0 4.50885313518 4.60996488112 1.17124507334 6.50966448214 2.0
0.761748905674 0.647872367603 0.0 1.89743779223 2.22636027164 3.57959607931 2.42823160087 0.0
0.0136776764534 0.999906456208 0.0 4.31319627754 5.87311539467 2.9229050948 6.86467155015 2.0
0.910340838816 0.413859344686 0.0 4.05005504098 0.710008998223 4.23271351292 3.06741010494 1.0
0.5831896276 0.81233605008 0.0 6.40164555212 3.98588334304 2.24347654734 7.27072462201 2.0
0.36529063793 0.93089352229 0.0 1.17937006918 3.765111516 3.34632166835 3.61371449951 0.0
0.918404270124 0.395643269396 0.0 5.98247548553 1.90289544533 4.93862015712 4.90650149996 1.0
0.620418389876 0.784271012791 0.0 5.91211114416 3.33962293959 2.04351367999 6.65214354879 2.0
0.952185308864 0.30552109188 0.0 3.95458562666 1.41894858788 4.82156377408 2.49787307535 1.0
0.798120450554 0.602497922326 0.0 4.19238818985 0.677737139919 2.98197448198 4.10142517278 1.0
0.701899300831 0.712276190458 0.0 2.53179737833 1.8151636094 2.75802172772 3.25566499922 1.0
0.340182920679 0.940359282657 0.0 4.73292668498 4.40802700897 0.830067688034 6.56334758738 2.0
0.998652592029 0.0518941271647 0.0 4.04513949026 2.78176996491 5.98847938291 1.66041987815 3.0
0.0813183827342 0.996688176226 0.0 1.73336323969 4.74360093018 3.63002055504 4.49050651427 0.0
0.899218902918 0.437498988153 0.0 2.09458813484 2.49487756984 4.52727141491 1.47306041664 3.0
0.679598246808 0.733584502928 0.0 4.68901718061 2.02048586243 1.90984771005 5.23965484228 2.0
0.647451161411 0.762106943669 0.0 6.67008031645 3.78937404817 2.80533007412 7.24811875598 2.0
0.836456179036 0.548033813329 0.0 1.14721484411 4.1255974455 5.30272844137 1.82933604156 0.0
0.682957596737 0.730458021422 0.0 5.82725648303 2.82857838894 2.42869258436 6.28210502233 2.0
0.560224679926 0.828340695609 0.0 2.99722965975 2.46254133121 1.69496766653 4.30813840629 2.0
0.991433678962 0.130611102972 0.0 3.66337630174 2.50275392857 5.59527465157 1.49136211939 3.0
0.46486603633 0.88538102999 0.0 1.94334668612 3.13657415674 2.53191407727 3.84773065262 0.0
0.662320349992 0.749220764519 0.0 0.963558799968 3.16045812329 3.9462479842 2.43888970337 0.0
0.325900226145 0.945404168913 0.0 1.86664606683 5.55024969273 6.33832790158 2.89989734309 0.0
0.189715658324 0.981839074893 0.0 0.680893175091 4.80329655683 4.96475995619 3.20640949304 0.0
0.982184715345 0.187918027189 0.0 3.82128793793 2.13676684896 5.37095889712 1.88118834234 3.0
0.929446859391 0.368956007633 0.0 4.58590227791 0.976213856276 4.5808333347 3.4012768395 1.0
0.960598941681 0.277938254368 0.0 4.04820809064 1.55026533155 4.97466153382 2.47881253771 1.0
0.437652729846 0.899144086373 0.0 4.61446392228 3.74029606614 0.159457284651 6.15944592344 2.0
0.736719680061 0.676198279361 0.0 2.11498749872 2.03472049706 3.26273637592 2.73736876872 1.0
0.841285759571 0.540590668383 0.0 4.88057371323 0.858250812716 3.5422257021 4.44976324802 1.0
0.00681506967276 0.999976777143 0.0 3.29218239097 5.40949205216 3.08501549907 5.94041619272 2.0
0.119673211381 0.992813337178 0.0 0.762117720364 4.87051175388 4.88015665348 3.39614496101 0.0
0.462404283059 0.886669204951 0.0 2.34926478898 3.07065998584 2.12561190547 4.15927289183 2.0
0.749550581158 0.661947072118 0.0 3.48541979711 1.09658310626 2.6249523773 3.77306239982 1.0
0.643128768771 0.765758047153 0.0 6.11809548811 3.34848037836 2.34285623023 6.74447501819 2.0
0.869952000888 0.493136407246 0.0 4.64570473266 0.522616989882 3.81729971604 4.00491341581 1.0
0.982210628071 0.187782539404 0.0 2.9736067475 2.65163269847 5.34018670347 0.974898397511 3.0
0.569276666698 0.822146019119 0.0 1.17092214879 3.10842109872 3.433589961 2.95809645191 0.0
0.358753777431 0.933432229559 0.0 3.97364198919 3.93095380945 0.808300681 5.83323753658 2.0
0.869025933612 0.494766537582 0.0 4.81098302003 0.689681883993 3.84415725859 4.17200854637 1.0
0.930710678629 0.365756247636 0.0 5.60321613298 1.6271381942 4.94375082183 4.40872993492 1.0
0.870879808374 0.491496042066 0.0 1.82914148683 5.3124218985 6.28483180118 2.56096957625 0.0
0.414087376014 0.910237136699 0.0 2.20600490685 3.3286780765 2.27798733058 4.20430393296 0.0
0.858312720675 0.51312695654 0.0 1.99578017888 2.35431270585 4.21606724927 1.78403418386 3.0
0.76737337216 0.641200520664 0.0 5.92833445634 2.33219492027 3.20735913599 5.92898367945 1.0
0.635043193944 0.77247662866 0.0 5.77780803927 3.13088889306 2.04409502862 6.46110963011 2.0
0.662509272049 0.749053712659 0.0 2.83966555071 1.86336592245 2.31496090416 3.71136821259 1.0
0.729334700312 0.684157068897 0.0 0.790619157945 3.65678559865 4.6575041128 2.05361126523 0.0
0.775039938503 0.631912251602 0.0 4.8622934931 1.33551758033 2.84134058294 4.8724729682 1.0
0.530723854875 0.847544801097 0.0 5.69101015159 3.79191035375 1.39208806555 6.81288210616 2.0
0.984322462353 0.176378258604 0.0 3.3436894747 2.44044462834 5.37885343133 1.31778247415 3.0
0.208526840372 0.978016644462 0.0 3.26706036988 4.49043328733 2.01630901727 5.58951233683 2.0
0.92137510536 0.388674562099 0.0 2.3078402264 2.42513645801 4.64822729825 1.37396168704 3.0
0.481003930495 0.876718437612 0.0 4.51071839475 3.40122065179 0.25913715204 5.91793320384 2.0
0.154444061913 0.98800153428 0.0 2.03572605856 4.48762753241 3.10398225707 4.65256241947 0.0
0.212942918748 0.977064641339 0.0 3.6488175886 4.60373709237 1.80637695589 5.91287459133 2.0
0.821588544712 0.570080926885 0.0 5.81564745501 1.8989224716 3.68457702602 5.48615702006 1.0
0.529513547641 0.848301481116 0.0 3.61479189252 2.72960941992 1.05417700008 4.9504470553 2.0
0.288375886468 0.957517283449 0.0 4.97355642764 4.84731249632 1.26873897917 6.9214750582 2.0
0.527155882248 0.849768601333 0.0 1.97556397962 2.84637055509 2.56298120444 3.64855562372 0.0
0.624708914484 0.780857715697 0.0 4.4364459831 2.32440186907 1.40621528525 5.27287093008 2.0
0.47285757626 0.881138872467 0.0 2.29003936809 3.02598915193 2.18972852892 4.07835381318 2.0
0.748746798515 0.662856116901 0.0 4.41937723824 1.26721719605 2.51118129971 4.61813583255 1.0
0.969572225405 0.244805432382 0.0 5.5229955196 2.0305657873 5.59506733032 3.87733651958 1.0
0.732267045192 0.681017602215 0.0 5.94566162143 2.58367037116 2.90392973801 6.1411193559 1.0
0.0397520382352 0.999209575343 0.0 4.55283847911 5.88881250456 2.78552211443 7.04721868474 2.0
0.664745747933 0.747069669177 0.0 5.97820444239 3.08252241595 2.39088820569 6.51222481995 2.0
0.991573530931 0.129545099317 0.0 5.43140873881 2.53652737652 6.14030733231 3.40353096994 1.0
0.78580082043 0.618479644461 0.0 3.47605182927 0.845966164455 2.94444410873 3.53437840321 1.0
0.875313518828 0.483555833133 0.0 3.19802126636 1.068971276 3.87421596016 2.5959443953 1.0
0.517996810228 0.855382548684 0.0 4.47161613145 3.12853738239 0.541933848818 5.74742327852 2.0
0.886453727937 0.46281722983 0.0 4.30123832622 0.356370794786 3.95859362824 3.53378773164 1.0
0.61586356012 0.787852825924 0.0 3.78389701652 2.15211635259 1.47115681034 4.73400127885 2.0
0.896776702859 0.442483384104 0.0 3.9342299471 0.583416015303 4.05534198556 3.08642752437 1.0
0.964051339276 0.265716042498 0.0 5.95446830876 2.23411995759 5.68391336294 4.39394962847 1.0
0.727615490761 0.685985202176 0.0 5.18914882921 1.97801975601 2.48907115525 5.4518881432 1.0
0.903343520092 0.428917806472 0.0 4.13031938895 0.58462703538 4.14995957573 3.21374591739 1.0
0.984809064421 0.173640740133 0.0 3.41070855455 2.41339751705 5.39307075691 1.37936121714 3.0
0.69802556654 0.716072837396 0.0 1.8796697603 2.30041621742 3.23284371436 2.79525226768 0.0
0.999188574005 0.0402764643204 0.0 4.14352906903 2.82261342059 6.06086123243 1.73804831489 3.0
0.360812316853 0.932638446563 0.0 4.32643167447 4.07509141703 0.646432634932 6.13953128491 2.0
0.421572768063 0.906794574988 0.0 3.68201336599 3.44566265416 0.81164149634 5.38894465853 2.0
0.941297756134 0.337577449331 0.0 5.69643011939 1.78753559532 5.15230249856 4.39376981766 1.0
0.990203086507 0.139634692941 0.0 3.2042170214 2.71066303894 5.52294957992 1.01230604303 3.0
0.996837502162 0.0794669383093 0.0 5.38766580179 2.76842317268 6.35619278429 3.21026755391 1.0
0.020690903334 0.999785920345 0.0 4.9983178076 6.24404206247 3.00252435444 7.49048625741 2.0
0.97918412148 0.202974028492 0.0 2.70242755267 2.82153540574 5.31457825458 0.789335183111 3.0
0.836168468481 0.548472690585 0.0 3.90323064446 0.280679574502 3.37403279217 3.56497758982 1.0
0.208193782612 0.978087597755 0.0 4.8181535463 5.20046251067 1.74585546194 6.97256283129 2.0
0.260881719046 0.96537077264 0.0 3.77615117973 4.40307568721 1.47379892141 5.91629641792 2.0
0.774199168821 0.632942056588 0.0 5.49305512711 1.88505208546 3.05411508052 5.47362978732 1.0
0.63614906346 0.771566179312 0.0 5.67373663713 3.04209698246 1.98205224913 6.35869700576 2.0
0.469628760962 0.882863991155 0.0 4.57868030279 3.51197284775 0.200509433943 6.01888194916 2.0
0.619504177937 0.784993358901 0.0 1.83547422878 2.54444339623 2.93564352282 3.16157584083 0.0
0.822092487462 0.569353969037 0.0 5.89484141219 1.97529275016 3.72972078849 5.55943900744 1.0
0.222056172692 0.97503387437 0.0 4.87654723736 5.15962611052 1.67039572565 6.99452457233 2.0
0.994379137148 0.105877908958 0.0 5.21179530699 2.57364929809 6.15609514002 3.09910930348 1.0
0.273856811914 0.961770474993 0.0 3.85943441249 4.36654098895 1.36159682988 5.95820868957 2.0
0.919014738458 0.394223173464 0.0 5.8009506306 1.73619164081 4.85968283633 4.71940903451 1.0
0.234990960187 0.971997555877 0.0 4.89153838528 5.09791880519 1.58933143725 6.97818715126 2.0
0.875708682773 0.482839831534 0.0 5.50113956274 1.3836795011 4.15605843893 4.79133926944 1.0
0.957943112884 0.286958172 0.0 1.63194674971 4.26934874096 5.71567526118 1.51180189268 3.0
0.77652879769 0.630081761646 0.0 4.82847470421 1.29624240414 2.84790943182 4.83164469746 1.0
0.781928470255 0.623368163612 0.0 4.67169120459 1.12919831202 2.86875181728 4.65142129258 1.0
0.179820219244 0.98369949108 0.0 3.75044691497 4.81214225873 1.9648391357 6.0713898966 2.0
0.924330119798 0.381593801882 0.0 2.8286486673 1.87225965791 4.50395202467 1.75709735706 3.0
0.213561359861 0.976929652316 0.0 4.60325585599 5.05114423189 1.66614271381 6.76486698684 2.0
0.194882012728 0.980826692701 0.0 4.02362441036 4.85640651146 1.80420307156 6.28342129263 2.0
0.224160722812 0.974552189648 0.0 4.45370721127 4.91442228852 1.58051953396 6.60554005725 2.0
0.704137639105 0.710063507861 0.0 1.08745045939 3.05276563674 4.00606844897 2.29186876705 0.0
0.998111898495 0.0614218046151 0.0 6.1182556591 3.2070395259 6.81040063978 3.93521000735 1.0
0.622281709518 0.782793378868 0.0 1.75101370799 5.3667234111 6.22096973843 2.71777988777 0.0
0.106366370272 0.994327006208 0.0 4.9862656846 5.82494282041 2.45715771085 7.33454357282 2.0
0.320897859892 0.947113807056 0.0 4.51371877554 4.40450259189 0.918868965404 6.41892515169 2.0
0.333728381803 0.942669277732 0.0 3.04734952076 3.78862313122 1.62811310787 5.10722547731 2.0
0.995766208032 0.0919220264229 0.0 5.40071006034 2.71124003501 6.30453566917 3.2596033957 1.0
0.649473849639 0.760383928443 0.0 5.38593391523 2.72728739747 1.90989825379 6.0289744144 2.0
0.497226115753 0.867620994337 0.0 3.20101853974 2.8668963114 1.32235537991 4.72153979361 2.0
0.966523651985 0.25657753244 0.0 1.92475604437 3.56476287022 5.41758516969 0.904131434301 3.0
0.773804171696 0.633424899942 0.0 5.85189315251 2.2188928317 3.22603323923 5.81835004715 1.0
0.935097282423 0.354391129129 0.0 2.69056713124 2.13811718153 4.67041392127 1.50239563164 3.0
0.703917337027 0.710281903636 0.0 7.32435788726 4.03096766479 3.69237210831 7.60827982925 2.0
0.877842900579 0.478948683997 0.0 2.96657181234 1.33408688028 3.9570147017 2.36619616334 1.0
0.376932915566 0.926240561174 0.0 5.03735335599 4.36062724243 0.773759765732 6.73314267325 2.0
0.938605502034 0.344992335496 0.0 5.19882240228 1.39435892856 4.90467312567 3.91978233368 1.0
0.973206763255 0.229931720202 0.0 4.94785897497 1.84415427167 5.44659802753 3.22858062834 1.0
0.64393196889 0.765082753329 0.0 1.06534824289 4.67019839207 5.50460523843 2.39555914275 0.0
0.608399088294 0.793631242683 0.0 3.58414905994 2.1685016546 1.51797893829 4.59455956499 2.0
0.0371954622351 0.999308009369 0.0 0.96842534298 5.09139375021 5.16690869149 3.41584753458 0.0
0.802132236538 0.597146443603 0.0 2.8787940305 1.25102123478 3.28756995871 2.90503194062 1.0
0.758633079944 0.651518111809 0.0 4.88696055525 1.4920537394 2.68639519019 4.99382549311 1.0
0.974787519848 0.223135141001 0.0 3.17339000783 2.32418284275 5.18242736381 1.33874212091 3.0
0.814845629713 0.579678013847 0.0 1.10962890985 3.50971349141 4.77576084379 1.74260611363 0.0
0.862743367323 0.505642049419 0.0 1.24290371937 4.1953484582 5.41139942608 1.79118202414 0.0
0.0207022745034 0.99978568495 0.0 1.83808602044 4.96067255882 3.79178937758 4.62960444633 0.0
0.999902493948 0.0139643330119 0.0 5.61965148939 3.18285160067 6.76322121218 3.28547359535 1.0
0.897465748146 0.441084153995 0.0 4.69783262317 0.675111322045 4.16873211681 3.82213109228 1.0
0.779980092121 0.625804327162 0.0 1.14051444437 3.19052866423 4.4129557957 1.90902308062 0.0
0.602692604925 0.79797344816 0.0 3.130207596 2.18432239393 1.7797509711 4.23555049369 2.0
0.998585098139 0.053177079417 0.0 5.85492714616 3.1029952452 6.70725559666 3.63546263663 1.0
0.567917499239 0.823085484053 0.0 5.61171597127 3.47957430572 1.50349789168 6.59318079963 2.0
0.242126957148 0.970244575673 0.0 0.911245005369 4.28699916346 3.87884028022 3.66499592918 0.0
0.0249785144757 0.999687988232 0.0 3.69723409735 5.50994001597 2.88860457949 6.28437622337 2.0
0.126262900709 0.991996814463 0.0 4.45277107547 5.41866761422 2.2249498213 6.80737798534 2.0
0.972387819794 0.23337079491 0.0 4.9244979098 1.81885695592 5.4208204749 3.21663197045 1.0
0.115407984481 0.993318175167 0.0 3.77002423652 5.13348545971 2.34410091962 6.20967549931 2.0
0.29023693037 0.956954818291 0.0 2.34704074907 3.91910597655 2.37710256124 4.64381106829 0.0
0.109938283572 0.993938415499 0.0 2.13002795621 4.67244492571 3.20656831938 4.7928840428 0.0
0.812645034221 0.582758996805 0.0 2.52492479462 1.60581929737 3.53926918362 2.53803279375 1.0
0.941980729095 0.335666956988 0.0 1.61861065104 4.71720908311 5.93750976402 1.96256613543 0.0
0.47593245058 0.879481837496 0.0 4.21024069722 3.29442420129 0.338886680943 5.66823132363 2.0
0.103390319935 0.994640860685 0.0 4.61358952936 5.62036736771 2.39091129968 6.9965312012 2.0
0.258824600444 0.965924337723 0.0 2.77337697339 4.11937393669 2.12431900369 5.06248827376 2.0
0.389019369911 0.921229574989 0.0 2.03057563502 3.46863797376 2.47500077237 4.14556521562 0.0
0.0529034613606 0.998599631372 0.0 4.00586216201 5.53468914757 2.68547447983 6.52489110821 2.0
0.317407833906 0.948289126256 0.0 4.17194489968 4.25798836088 0.977813129016 6.12294212879 2.0
0.152550571824 0.988295665799 0.0 2.78985525761 4.61831663176 2.5717237934 5.28615481193 2.0
0.571409923724 0.820664790928 0.0 5.44014205346 3.33318125104 1.39438624707 6.41994539201 2.0
0.99998152543 0.00607855230754 0.0 3.24485052505 3.30291318145 6.00559340845 0.5724610463 3.0
0.816798177772 0.576923510345 0.0 5.20470542408 1.3253471764 3.37388404717 4.93033690993 1.0
0.338197714413 0.941075079877 0.0 3.4518445534 3.8651462517 1.27613721021 5.43776329163 2.0
 
